index,color,Red-Blue,Red-Green,Red-Yellow,Red-Black,Blue-Green,Blue-Yellow,Blue-Black,Green-Yellow,Green-Black,Yellow-Black
1,Green,0,-1,0,0,-1,0,0,1,1,0
2,Blue,-1,-1,0,0,0,1,1,1,1,0
3,Yellow,-1,-1,-1,0,0,0,1,0,1,1
4,Red,0,0,0,1,0,0,1,0,1,1
5,Green,0,-1,0,1,-1,0,1,1,2,1
6,Blue,-1,-1,0,1,0,1,2,1,2,1
7,Green,-1,-2,0,1,-1,1,2,2,3,1
8,Red,0,-1,1,2,-1,1,2,2,3,1
9,Green,0,-2,1,2,-2,1,2,3,4,1
10,Black,0,-2,1,1,-2,1,1,3,3,0
11,Green,0,-3,1,1,-3,1,1,4,4,0
12,Yellow,0,-3,0,1,-3,0,1,3,4,1
13,Black,0,-3,0,0,-3,0,0,3,3,0
14,Black,0,-3,0,-1,-3,0,-1,3,2,-1
15,Blue,-1,-3,0,-1,-2,1,0,3,2,-1
16,Green,-1,-4,0,-1,-3,1,0,4,3,-1
17,Yellow,-1,-4,-1,-1,-3,0,0,3,3,0
18,Black,-1,-4,-1,-2,-3,0,-1,3,2,-1
19,Black,-1,-4,-1,-3,-3,0,-2,3,1,-2
20,Red,0,-3,0,-2,-3,0,-2,3,1,-2
21,Yellow,0,-3,-1,-2,-3,-1,-2,2,1,-1
22,Black,0,-3,-1,-3,-3,-1,-3,2,0,-2
23,Black,0,-3,-1,-4,-3,-1,-4,2,-1,-3
24,Blue,-1,-3,-1,-4,-2,0,-3,2,-1,-3
25,Yellow,-1,-3,-2,-4,-2,-1,-3,1,-1,-2
26,Green,-1,-4,-2,-4,-3,-1,-3,2,0,-2
27,Blue,-2,-4,-2,-4,-2,0,-2,2,0,-2
28,Yellow,-2,-4,-3,-4,-2,-1,-2,1,0,-1
29,Green,-2,-5,-3,-4,-3,-1,-2,2,1,-1
30,Yellow,-2,-5,-4,-4,-3,-2,-2,1,1,0
31,Green,-2,-6,-4,-4,-4,-2,-2,2,2,0
32,Blue,-3,-6,-4,-4,-3,-1,-1,2,2,0
33,Yellow,-3,-6,-5,-4,-3,-2,-1,1,2,1
34,Yellow,-3,-6,-6,-4,-3,-3,-1,0,2,2
35,Black,-3,-6,-6,-5,-3,-3,-2,0,1,1
36,Green,-3,-7,-6,-5,-4,-3,-2,1,2,1
37,Blue,-4,-7,-6,-5,-3,-2,-1,1,2,1
38,Yellow,-4,-7,-7,-5,-3,-3,-1,0,2,2
39,Green,-4,-8,-7,-5,-4,-3,-1,1,3,2
40,Blue,-5,-8,-7,-5,-3,-2,0,1,3,2
41,Red,-4,-7,-6,-4,-3,-2,0,1,3,2
42,Green,-4,-8,-6,-4,-4,-2,0,2,4,2
43,Red,-3,-7,-5,-3,-4,-2,0,2,4,2
44,Green,-3,-8,-5,-3,-5,-2,0,3,5,2
45,Black,-3,-8,-5,-4,-5,-2,-1,3,4,1
46,Blue,-4,-8,-5,-4,-4,-1,0,3,4,1
47,Black,-4,-8,-5,-5,-4,-1,-1,3,3,0
48,Black,-4,-8,-5,-6,-4,-1,-2,3,2,-1
49,Black,-4,-8,-5,-7,-4,-1,-3,3,1,-2
50,Black,-4,-8,-5,-8,-4,-1,-4,3,0,-3
51,Blue,-5,-8,-5,-8,-3,0,-3,3,0,-3
52,Red,-4,-7,-4,-7,-3,0,-3,3,0,-3
53,Yellow,-4,-7,-5,-7,-3,-1,-3,2,0,-2
54,Black,-4,-7,-5,-8,-3,-1,-4,2,-1,-3
55,Yellow,-4,-7,-6,-8,-3,-2,-4,1,-1,-2
56,Black,-4,-7,-6,-9,-3,-2,-5,1,-2,-3
57,Blue,-5,-7,-6,-9,-2,-1,-4,1,-2,-3
58,Yellow,-5,-7,-7,-9,-2,-2,-4,0,-2,-2
59,Red,-4,-6,-6,-8,-2,-2,-4,0,-2,-2
60,Yellow,-4,-6,-7,-8,-2,-3,-4,-1,-2,-1
61,Red,-3,-5,-6,-7,-2,-3,-4,-1,-2,-1
62,Black,-3,-5,-6,-8,-2,-3,-5,-1,-3,-2
63,Blue,-4,-5,-6,-8,-1,-2,-4,-1,-3,-2
64,Green,-4,-6,-6,-8,-2,-2,-4,0,-2,-2
65,Red,-3,-5,-5,-7,-2,-2,-4,0,-2,-2
66,Green,-3,-6,-5,-7,-3,-2,-4,1,-1,-2
67,Yellow,-3,-6,-6,-7,-3,-3,-4,0,-1,-1
68,Yellow,-3,-6,-7,-7,-3,-4,-4,-1,-1,0
69,Blue,-4,-6,-7,-7,-2,-3,-3,-1,-1,0
70,Black,-4,-6,-7,-8,-2,-3,-4,-1,-2,-1
71,Black,-4,-6,-7,-9,-2,-3,-5,-1,-3,-2
72,Green,-4,-7,-7,-9,-3,-3,-5,0,-2,-2
73,Blue,-5,-7,-7,-9,-2,-2,-4,0,-2,-2
74,Blue,-6,-7,-7,-9,-1,-1,-3,0,-2,-2
75,Black,-6,-7,-7,-10,-1,-1,-4,0,-3,-3
76,Green,-6,-8,-7,-10,-2,-1,-4,1,-2,-3
77,Blue,-7,-8,-7,-10,-1,0,-3,1,-2,-3
78,Green,-7,-9,-7,-10,-2,0,-3,2,-1,-3
79,Red,-6,-8,-6,-9,-2,0,-3,2,-1,-3
80,Black,-6,-8,-6,-10,-2,0,-4,2,-2,-4
81,Blue,-7,-8,-6,-10,-1,1,-3,2,-2,-4
82,Yellow,-7,-8,-7,-10,-1,0,-3,1,-2,-3
83,Green,-7,-9,-7,-10,-2,0,-3,2,-1,-3
84,Blue,-8,-9,-7,-10,-1,1,-2,2,-1,-3
85,Black,-8,-9,-7,-11,-1,1,-3,2,-2,-4
86,Green,-8,-10,-7,-11,-2,1,-3,3,-1,-4
87,Red,-7,-9,-6,-10,-2,1,-3,3,-1,-4
88,Blue,-8,-9,-6,-10,-1,2,-2,3,-1,-4
89,Red,-7,-8,-5,-9,-1,2,-2,3,-1,-4
90,Black,-7,-8,-5,-10,-1,2,-3,3,-2,-5
91,Black,-7,-8,-5,-11,-1,2,-4,3,-3,-6
92,Red,-6,-7,-4,-10,-1,2,-4,3,-3,-6
93,Black,-6,-7,-4,-11,-1,2,-5,3,-4,-7
94,Red,-5,-6,-3,-10,-1,2,-5,3,-4,-7
95,Green,-5,-7,-3,-10,-2,2,-5,4,-3,-7
96,Red,-4,-6,-2,-9,-2,2,-5,4,-3,-7
97,Green,-4,-7,-2,-9,-3,2,-5,5,-2,-7
98,Yellow,-4,-7,-3,-9,-3,1,-5,4,-2,-6
99,Yellow,-4,-7,-4,-9,-3,0,-5,3,-2,-5
100,Blue,-5,-7,-4,-9,-2,1,-4,3,-2,-5
101,Blue,-6,-7,-4,-9,-1,2,-3,3,-2,-5
102,Yellow,-6,-7,-5,-9,-1,1,-3,2,-2,-4
103,Green,-6,-8,-5,-9,-2,1,-3,3,-1,-4
104,Yellow,-6,-8,-6,-9,-2,0,-3,2,-1,-3
105,Green,-6,-9,-6,-9,-3,0,-3,3,0,-3
106,Green,-6,-10,-6,-9,-4,0,-3,4,1,-3
107,Yellow,-6,-10,-7,-9,-4,-1,-3,3,1,-2
108,Yellow,-6,-10,-8,-9,-4,-2,-3,2,1,-1
109,Yellow,-6,-10,-9,-9,-4,-3,-3,1,1,0
110,Yellow,-6,-10,-10,-9,-4,-4,-3,0,1,1
111,Black,-6,-10,-10,-10,-4,-4,-4,0,0,0
112,Black,-6,-10,-10,-11,-4,-4,-5,0,-1,-1
113,Blue,-7,-10,-10,-11,-3,-3,-4,0,-1,-1
114,Yellow,-7,-10,-11,-11,-3,-4,-4,-1,-1,0
115,Red,-6,-9,-10,-10,-3,-4,-4,-1,-1,0
116,Yellow,-6,-9,-11,-10,-3,-5,-4,-2,-1,1
117,Green,-6,-10,-11,-10,-4,-5,-4,-1,0,1
118,Yellow,-6,-10,-12,-10,-4,-6,-4,-2,0,2
119,Black,-6,-10,-12,-11,-4,-6,-5,-2,-1,1
120,Yellow,-6,-10,-13,-11,-4,-7,-5,-3,-1,2
121,Blue,-7,-10,-13,-11,-3,-6,-4,-3,-1,2
122,Blue,-8,-10,-13,-11,-2,-5,-3,-3,-1,2
123,Yellow,-8,-10,-14,-11,-2,-6,-3,-4,-1,3
124,Yellow,-8,-10,-15,-11,-2,-7,-3,-5,-1,4
125,Red,-7,-9,-14,-10,-2,-7,-3,-5,-1,4
126,Green,-7,-10,-14,-10,-3,-7,-3,-4,0,4
127,Yellow,-7,-10,-15,-10,-3,-8,-3,-5,0,5
128,Blue,-8,-10,-15,-10,-2,-7,-2,-5,0,5
129,Green,-8,-11,-15,-10,-3,-7,-2,-4,1,5
130,Blue,-9,-11,-15,-10,-2,-6,-1,-4,1,5
131,Red,-8,-10,-14,-9,-2,-6,-1,-4,1,5
132,Yellow,-8,-10,-15,-9,-2,-7,-1,-5,1,6
133,Yellow,-8,-10,-16,-9,-2,-8,-1,-6,1,7
134,Green,-8,-11,-16,-9,-3,-8,-1,-5,2,7
135,Blue,-9,-11,-16,-9,-2,-7,0,-5,2,7
136,Blue,-10,-11,-16,-9,-1,-6,1,-5,2,7
137,Green,-10,-12,-16,-9,-2,-6,1,-4,3,7
138,Red,-9,-11,-15,-8,-2,-6,1,-4,3,7
139,Blue,-10,-11,-15,-8,-1,-5,2,-4,3,7
140,Red,-9,-10,-14,-7,-1,-5,2,-4,3,7
141,Black,-9,-10,-14,-8,-1,-5,1,-4,2,6
142,Black,-9,-10,-14,-9,-1,-5,0,-4,1,5
143,Green,-9,-11,-14,-9,-2,-5,0,-3,2,5
144,Black,-9,-11,-14,-10,-2,-5,-1,-3,1,4
145,Red,-8,-10,-13,-9,-2,-5,-1,-3,1,4
146,Yellow,-8,-10,-14,-9,-2,-6,-1,-4,1,5
147,Yellow,-8,-10,-15,-9,-2,-7,-1,-5,1,6
148,Black,-8,-10,-15,-10,-2,-7,-2,-5,0,5
149,Black,-8,-10,-15,-11,-2,-7,-3,-5,-1,4
150,Blue,-9,-10,-15,-11,-1,-6,-2,-5,-1,4
151,Yellow,-9,-10,-16,-11,-1,-7,-2,-6,-1,5
152,Black,-9,-10,-16,-12,-1,-7,-3,-6,-2,4
153,Blue,-10,-10,-16,-12,0,-6,-2,-6,-2,4
154,Blue,-11,-10,-16,-12,1,-5,-1,-6,-2,4
155,Yellow,-11,-10,-17,-12,1,-6,-1,-7,-2,5
156,Green,-11,-11,-17,-12,0,-6,-1,-6,-1,5
157,Red,-10,-10,-16,-11,0,-6,-1,-6,-1,5
158,Red,-9,-9,-15,-10,0,-6,-1,-6,-1,5
159,Red,-8,-8,-14,-9,0,-6,-1,-6,-1,5
160,Red,-7,-7,-13,-8,0,-6,-1,-6,-1,5
161,Blue,-8,-7,-13,-8,1,-5,0,-6,-1,5
162,Black,-8,-7,-13,-9,1,-5,-1,-6,-2,4
163,Yellow,-8,-7,-14,-9,1,-6,-1,-7,-2,5
164,Blue,-9,-7,-14,-9,2,-5,0,-7,-2,5
165,Yellow,-9,-7,-15,-9,2,-6,0,-8,-2,6
166,Yellow,-9,-7,-16,-9,2,-7,0,-9,-2,7
167,Yellow,-9,-7,-17,-9,2,-8,0,-10,-2,8
168,Blue,-10,-7,-17,-9,3,-7,1,-10,-2,8
169,Red,-9,-6,-16,-8,3,-7,1,-10,-2,8
170,Yellow,-9,-6,-17,-8,3,-8,1,-11,-2,9
171,Red,-8,-5,-16,-7,3,-8,1,-11,-2,9
172,Red,-7,-4,-15,-6,3,-8,1,-11,-2,9
173,Black,-7,-4,-15,-7,3,-8,0,-11,-3,8
174,Yellow,-7,-4,-16,-7,3,-9,0,-12,-3,9
175,Yellow,-7,-4,-17,-7,3,-10,0,-13,-3,10
176,Red,-6,-3,-16,-6,3,-10,0,-13,-3,10
177,Yellow,-6,-3,-17,-6,3,-11,0,-14,-3,11
178,Green,-6,-4,-17,-6,2,-11,0,-13,-2,11
179,Green,-6,-5,-17,-6,1,-11,0,-12,-1,11
180,Blue,-7,-5,-17,-6,2,-10,1,-12,-1,11
181,Blue,-8,-5,-17,-6,3,-9,2,-12,-1,11
182,Green,-8,-6,-17,-6,2,-9,2,-11,0,11
183,Black,-8,-6,-17,-7,2,-9,1,-11,-1,10
184,Red,-7,-5,-16,-6,2,-9,1,-11,-1,10
185,Green,-7,-6,-16,-6,1,-9,1,-10,0,10
186,Green,-7,-7,-16,-6,0,-9,1,-9,1,10
187,Blue,-8,-7,-16,-6,1,-8,2,-9,1,10
188,Green,-8,-8,-16,-6,0,-8,2,-8,2,10
189,Black,-8,-8,-16,-7,0,-8,1,-8,1,9
190,Red,-7,-7,-15,-6,0,-8,1,-8,1,9
191,Green,-7,-8,-15,-6,-1,-8,1,-7,2,9
192,Green,-7,-9,-15,-6,-2,-8,1,-6,3,9
193,Black,-7,-9,-15,-7,-2,-8,0,-6,2,8
194,Yellow,-7,-9,-16,-7,-2,-9,0,-7,2,9
195,Yellow,-7,-9,-17,-7,-2,-10,0,-8,2,10
196,Red,-6,-8,-16,-6,-2,-10,0,-8,2,10
197,Red,-5,-7,-15,-5,-2,-10,0,-8,2,10
198,Green,-5,-8,-15,-5,-3,-10,0,-7,3,10
199,Black,-5,-8,-15,-6,-3,-10,-1,-7,2,9
200,Black,-5,-8,-15,-7,-3,-10,-2,-7,1,8
201,Yellow,-5,-8,-16,-7,-3,-11,-2,-8,1,9
202,Green,-5,-9,-16,-7,-4,-11,-2,-7,2,9
203,Black,-5,-9,-16,-8,-4,-11,-3,-7,1,8
204,Black,-5,-9,-16,-9,-4,-11,-4,-7,0,7
205,Yellow,-5,-9,-17,-9,-4,-12,-4,-8,0,8
206,Black,-5,-9,-17,-10,-4,-12,-5,-8,-1,7
207,Black,-5,-9,-17,-11,-4,-12,-6,-8,-2,6
208,Blue,-6,-9,-17,-11,-3,-11,-5,-8,-2,6
209,Blue,-7,-9,-17,-11,-2,-10,-4,-8,-2,6
210,Red,-6,-8,-16,-10,-2,-10,-4,-8,-2,6
211,Green,-6,-9,-16,-10,-3,-10,-4,-7,-1,6
212,Red,-5,-8,-15,-9,-3,-10,-4,-7,-1,6
213,Blue,-6,-8,-15,-9,-2,-9,-3,-7,-1,6
214,Green,-6,-9,-15,-9,-3,-9,-3,-6,0,6
215,Black,-6,-9,-15,-10,-3,-9,-4,-6,-1,5
216,Green,-6,-10,-15,-10,-4,-9,-4,-5,0,5
217,Green,-6,-11,-15,-10,-5,-9,-4,-4,1,5
218,Red,-5,-10,-14,-9,-5,-9,-4,-4,1,5
219,Yellow,-5,-10,-15,-9,-5,-10,-4,-5,1,6
220,Yellow,-5,-10,-16,-9,-5,-11,-4,-6,1,7
221,Green,-5,-11,-16,-9,-6,-11,-4,-5,2,7
222,Blue,-6,-11,-16,-9,-5,-10,-3,-5,2,7
223,Red,-5,-10,-15,-8,-5,-10,-3,-5,2,7
224,Green,-5,-11,-15,-8,-6,-10,-3,-4,3,7
225,Green,-5,-12,-15,-8,-7,-10,-3,-3,4,7
226,Black,-5,-12,-15,-9,-7,-10,-4,-3,3,6
227,Black,-5,-12,-15,-10,-7,-10,-5,-3,2,5
228,Yellow,-5,-12,-16,-10,-7,-11,-5,-4,2,6
229,Black,-5,-12,-16,-11,-7,-11,-6,-4,1,5
230,Blue,-6,-12,-16,-11,-6,-10,-5,-4,1,5
231,Red,-5,-11,-15,-10,-6,-10,-5,-4,1,5
232,Black,-5,-11,-15,-11,-6,-10,-6,-4,0,4
233,Green,-5,-12,-15,-11,-7,-10,-6,-3,1,4
234,Red,-4,-11,-14,-10,-7,-10,-6,-3,1,4
235,Red,-3,-10,-13,-9,-7,-10,-6,-3,1,4
236,Green,-3,-11,-13,-9,-8,-10,-6,-2,2,4
237,Black,-3,-11,-13,-10,-8,-10,-7,-2,1,3
238,Red,-2,-10,-12,-9,-8,-10,-7,-2,1,3
239,Black,-2,-10,-12,-10,-8,-10,-8,-2,0,2
240,Green,-2,-11,-12,-10,-9,-10,-8,-1,1,2
241,Yellow,-2,-11,-13,-10,-9,-11,-8,-2,1,3
242,Black,-2,-11,-13,-11,-9,-11,-9,-2,0,2
243,Yellow,-2,-11,-14,-11,-9,-12,-9,-3,0,3
244,Red,-1,-10,-13,-10,-9,-12,-9,-3,0,3
245,Yellow,-1,-10,-14,-10,-9,-13,-9,-4,0,4
246,Black,-1,-10,-14,-11,-9,-13,-10,-4,-1,3
247,Red,0,-9,-13,-10,-9,-13,-10,-4,-1,3
248,Yellow,0,-9,-14,-10,-9,-14,-10,-5,-1,4
249,Black,0,-9,-14,-11,-9,-14,-11,-5,-2,3
250,Black,0,-9,-14,-12,-9,-14,-12,-5,-3,2
251,Yellow,0,-9,-15,-12,-9,-15,-12,-6,-3,3
252,Blue,-1,-9,-15,-12,-8,-14,-11,-6,-3,3
253,Black,-1,-9,-15,-13,-8,-14,-12,-6,-4,2
254,Blue,-2,-9,-15,-13,-7,-13,-11,-6,-4,2
255,Green,-2,-10,-15,-13,-8,-13,-11,-5,-3,2
256,Blue,-3,-10,-15,-13,-7,-12,-10,-5,-3,2
257,Yellow,-3,-10,-16,-13,-7,-13,-10,-6,-3,3
258,Black,-3,-10,-16,-14,-7,-13,-11,-6,-4,2
259,Black,-3,-10,-16,-15,-7,-13,-12,-6,-5,1
260,Red,-2,-9,-15,-14,-7,-13,-12,-6,-5,1
261,Yellow,-2,-9,-16,-14,-7,-14,-12,-7,-5,2
262,Blue,-3,-9,-16,-14,-6,-13,-11,-7,-5,2
263,Black,-3,-9,-16,-15,-6,-13,-12,-7,-6,1
264,Red,-2,-8,-15,-14,-6,-13,-12,-7,-6,1
265,Blue,-3,-8,-15,-14,-5,-12,-11,-7,-6,1
266,Black,-3,-8,-15,-15,-5,-12,-12,-7,-7,0
267,Red,-2,-7,-14,-14,-5,-12,-12,-7,-7,0
268,Blue,-3,-7,-14,-14,-4,-11,-11,-7,-7,0
269,Black,-3,-7,-14,-15,-4,-11,-12,-7,-8,-1
270,Green,-3,-8,-14,-15,-5,-11,-12,-6,-7,-1
271,Blue,-4,-8,-14,-15,-4,-10,-11,-6,-7,-1
272,Red,-3,-7,-13,-14,-4,-10,-11,-6,-7,-1
273,Green,-3,-8,-13,-14,-5,-10,-11,-5,-6,-1
274,Yellow,-3,-8,-14,-14,-5,-11,-11,-6,-6,0
275,Blue,-4,-8,-14,-14,-4,-10,-10,-6,-6,0
276,Black,-4,-8,-14,-15,-4,-10,-11,-6,-7,-1
277,Green,-4,-9,-14,-15,-5,-10,-11,-5,-6,-1
278,Black,-4,-9,-14,-16,-5,-10,-12,-5,-7,-2
279,Black,-4,-9,-14,-17,-5,-10,-13,-5,-8,-3
280,Black,-4,-9,-14,-18,-5,-10,-14,-5,-9,-4
281,Red,-3,-8,-13,-17,-5,-10,-14,-5,-9,-4
282,Black,-3,-8,-13,-18,-5,-10,-15,-5,-10,-5
283,Blue,-4,-8,-13,-18,-4,-9,-14,-5,-10,-5
284,Yellow,-4,-8,-14,-18,-4,-10,-14,-6,-10,-4
285,Black,-4,-8,-14,-19,-4,-10,-15,-6,-11,-5
286,Yellow,-4,-8,-15,-19,-4,-11,-15,-7,-11,-4
287,Black,-4,-8,-15,-20,-4,-11,-16,-7,-12,-5
288,Blue,-5,-8,-15,-20,-3,-10,-15,-7,-12,-5
289,Red,-4,-7,-14,-19,-3,-10,-15,-7,-12,-5
290,Green,-4,-8,-14,-19,-4,-10,-15,-6,-11,-5
291,Black,-4,-8,-14,-20,-4,-10,-16,-6,-12,-6
292,Yellow,-4,-8,-15,-20,-4,-11,-16,-7,-12,-5
293,Blue,-5,-8,-15,-20,-3,-10,-15,-7,-12,-5
294,Red,-4,-7,-14,-19,-3,-10,-15,-7,-12,-5
295,Red,-3,-6,-13,-18,-3,-10,-15,-7,-12,-5
296,Yellow,-3,-6,-14,-18,-3,-11,-15,-8,-12,-4
297,Red,-2,-5,-13,-17,-3,-11,-15,-8,-12,-4
298,Blue,-3,-5,-13,-17,-2,-10,-14,-8,-12,-4
299,Black,-3,-5,-13,-18,-2,-10,-15,-8,-13,-5
300,Black,-3,-5,-13,-19,-2,-10,-16,-8,-14,-6
301,Black,-3,-5,-13,-20,-2,-10,-17,-8,-15,-7
302,Black,-3,-5,-13,-21,-2,-10,-18,-8,-16,-8
303,Black,-3,-5,-13,-22,-2,-10,-19,-8,-17,-9
304,Yellow,-3,-5,-14,-22,-2,-11,-19,-9,-17,-8
305,Blue,-4,-5,-14,-22,-1,-10,-18,-9,-17,-8
306,Green,-4,-6,-14,-22,-2,-10,-18,-8,-16,-8
307,Blue,-5,-6,-14,-22,-1,-9,-17,-8,-16,-8
308,Red,-4,-5,-13,-21,-1,-9,-17,-8,-16,-8
309,Black,-4,-5,-13,-22,-1,-9,-18,-8,-17,-9
310,Red,-3,-4,-12,-21,-1,-9,-18,-8,-17,-9
311,Blue,-4,-4,-12,-21,0,-8,-17,-8,-17,-9
312,Blue,-5,-4,-12,-21,1,-7,-16,-8,-17,-9
313,Green,-5,-5,-12,-21,0,-7,-16,-7,-16,-9
314,Green,-5,-6,-12,-21,-1,-7,-16,-6,-15,-9
315,Black,-5,-6,-12,-22,-1,-7,-17,-6,-16,-10
316,Black,-5,-6,-12,-23,-1,-7,-18,-6,-17,-11
317,Yellow,-5,-6,-13,-23,-1,-8,-18,-7,-17,-10
318,Blue,-6,-6,-13,-23,0,-7,-17,-7,-17,-10
319,Green,-6,-7,-13,-23,-1,-7,-17,-6,-16,-10
320,Green,-6,-8,-13,-23,-2,-7,-17,-5,-15,-10
321,Blue,-7,-8,-13,-23,-1,-6,-16,-5,-15,-10
322,Green,-7,-9,-13,-23,-2,-6,-16,-4,-14,-10
323,Yellow,-7,-9,-14,-23,-2,-7,-16,-5,-14,-9
324,Red,-6,-8,-13,-22,-2,-7,-16,-5,-14,-9
325,Green,-6,-9,-13,-22,-3,-7,-16,-4,-13,-9
326,Red,-5,-8,-12,-21,-3,-7,-16,-4,-13,-9
327,Green,-5,-9,-12,-21,-4,-7,-16,-3,-12,-9
328,Black,-5,-9,-12,-22,-4,-7,-17,-3,-13,-10
329,Blue,-6,-9,-12,-22,-3,-6,-16,-3,-13,-10
330,Black,-6,-9,-12,-23,-3,-6,-17,-3,-14,-11
331,Yellow,-6,-9,-13,-23,-3,-7,-17,-4,-14,-10
332,Yellow,-6,-9,-14,-23,-3,-8,-17,-5,-14,-9
333,Red,-5,-8,-13,-22,-3,-8,-17,-5,-14,-9
334,Red,-4,-7,-12,-21,-3,-8,-17,-5,-14,-9
335,Yellow,-4,-7,-13,-21,-3,-9,-17,-6,-14,-8
336,Yellow,-4,-7,-14,-21,-3,-10,-17,-7,-14,-7
337,Blue,-5,-7,-14,-21,-2,-9,-16,-7,-14,-7
338,Yellow,-5,-7,-15,-21,-2,-10,-16,-8,-14,-6
339,Green,-5,-8,-15,-21,-3,-10,-16,-7,-13,-6
340,Blue,-6,-8,-15,-21,-2,-9,-15,-7,-13,-6
341,Green,-6,-9,-15,-21,-3,-9,-15,-6,-12,-6
342,Green,-6,-10,-15,-21,-4,-9,-15,-5,-11,-6
343,Blue,-7,-10,-15,-21,-3,-8,-14,-5,-11,-6
344,Black,-7,-10,-15,-22,-3,-8,-15,-5,-12,-7
345,Green,-7,-11,-15,-22,-4,-8,-15,-4,-11,-7
346,Yellow,-7,-11,-16,-22,-4,-9,-15,-5,-11,-6
347,Black,-7,-11,-16,-23,-4,-9,-16,-5,-12,-7
348,Green,-7,-12,-16,-23,-5,-9,-16,-4,-11,-7
349,Yellow,-7,-12,-17,-23,-5,-10,-16,-5,-11,-6
350,Green,-7,-13,-17,-23,-6,-10,-16,-4,-10,-6
351,Red,-6,-12,-16,-22,-6,-10,-16,-4,-10,-6
352,Yellow,-6,-12,-17,-22,-6,-11,-16,-5,-10,-5
353,Blue,-7,-12,-17,-22,-5,-10,-15,-5,-10,-5
354,Yellow,-7,-12,-18,-22,-5,-11,-15,-6,-10,-4
355,Yellow,-7,-12,-19,-22,-5,-12,-15,-7,-10,-3
356,Black,-7,-12,-19,-23,-5,-12,-16,-7,-11,-4
357,Green,-7,-13,-19,-23,-6,-12,-16,-6,-10,-4
358,Green,-7,-14,-19,-23,-7,-12,-16,-5,-9,-4
359,Red,-6,-13,-18,-22,-7,-12,-16,-5,-9,-4
360,Blue,-7,-13,-18,-22,-6,-11,-15,-5,-9,-4
361,Yellow,-7,-13,-19,-22,-6,-12,-15,-6,-9,-3
362,Yellow,-7,-13,-20,-22,-6,-13,-15,-7,-9,-2
363,Black,-7,-13,-20,-23,-6,-13,-16,-7,-10,-3
364,Red,-6,-12,-19,-22,-6,-13,-16,-7,-10,-3
365,Yellow,-6,-12,-20,-22,-6,-14,-16,-8,-10,-2
366,Blue,-7,-12,-20,-22,-5,-13,-15,-8,-10,-2
367,Yellow,-7,-12,-21,-22,-5,-14,-15,-9,-10,-1
368,Yellow,-7,-12,-22,-22,-5,-15,-15,-10,-10,0
369,Green,-7,-13,-22,-22,-6,-15,-15,-9,-9,0
370,Black,-7,-13,-22,-23,-6,-15,-16,-9,-10,-1
371,Green,-7,-14,-22,-23,-7,-15,-16,-8,-9,-1
372,Yellow,-7,-14,-23,-23,-7,-16,-16,-9,-9,0
373,Green,-7,-15,-23,-23,-8,-16,-16,-8,-8,0
374,Blue,-8,-15,-23,-23,-7,-15,-15,-8,-8,0
375,Blue,-9,-15,-23,-23,-6,-14,-14,-8,-8,0
376,Blue,-10,-15,-23,-23,-5,-13,-13,-8,-8,0
377,Yellow,-10,-15,-24,-23,-5,-14,-13,-9,-8,1
378,Black,-10,-15,-24,-24,-5,-14,-14,-9,-9,0
379,Green,-10,-16,-24,-24,-6,-14,-14,-8,-8,0
380,Blue,-11,-16,-24,-24,-5,-13,-13,-8,-8,0
381,Black,-11,-16,-24,-25,-5,-13,-14,-8,-9,-1
382,Red,-10,-15,-23,-24,-5,-13,-14,-8,-9,-1
383,Green,-10,-16,-23,-24,-6,-13,-14,-7,-8,-1
384,Black,-10,-16,-23,-25,-6,-13,-15,-7,-9,-2
385,Red,-9,-15,-22,-24,-6,-13,-15,-7,-9,-2
386,Black,-9,-15,-22,-25,-6,-13,-16,-7,-10,-3
387,Yellow,-9,-15,-23,-25,-6,-14,-16,-8,-10,-2
388,Red,-8,-14,-22,-24,-6,-14,-16,-8,-10,-2
389,Yellow,-8,-14,-23,-24,-6,-15,-16,-9,-10,-1
390,Red,-7,-13,-22,-23,-6,-15,-16,-9,-10,-1
391,Red,-6,-12,-21,-22,-6,-15,-16,-9,-10,-1
392,Yellow,-6,-12,-22,-22,-6,-16,-16,-10,-10,0
393,Green,-6,-13,-22,-22,-7,-16,-16,-9,-9,0
394,Black,-6,-13,-22,-23,-7,-16,-17,-9,-10,-1
395,Black,-6,-13,-22,-24,-7,-16,-18,-9,-11,-2
396,Blue,-7,-13,-22,-24,-6,-15,-17,-9,-11,-2
397,Yellow,-7,-13,-23,-24,-6,-16,-17,-10,-11,-1
398,Blue,-8,-13,-23,-24,-5,-15,-16,-10,-11,-1
399,Red,-7,-12,-22,-23,-5,-15,-16,-10,-11,-1
400,Black,-7,-12,-22,-24,-5,-15,-17,-10,-12,-2
401,Green,-7,-13,-22,-24,-6,-15,-17,-9,-11,-2
402,Black,-7,-13,-22,-25,-6,-15,-18,-9,-12,-3
403,Blue,-8,-13,-22,-25,-5,-14,-17,-9,-12,-3
404,Blue,-9,-13,-22,-25,-4,-13,-16,-9,-12,-3
405,Black,-9,-13,-22,-26,-4,-13,-17,-9,-13,-4
406,Yellow,-9,-13,-23,-26,-4,-14,-17,-10,-13,-3
407,Red,-8,-12,-22,-25,-4,-14,-17,-10,-13,-3
408,Yellow,-8,-12,-23,-25,-4,-15,-17,-11,-13,-2
409,Yellow,-8,-12,-24,-25,-4,-16,-17,-12,-13,-1
410,Black,-8,-12,-24,-26,-4,-16,-18,-12,-14,-2
411,Yellow,-8,-12,-25,-26,-4,-17,-18,-13,-14,-1
412,Red,-7,-11,-24,-25,-4,-17,-18,-13,-14,-1
413,Blue,-8,-11,-24,-25,-3,-16,-17,-13,-14,-1
414,Green,-8,-12,-24,-25,-4,-16,-17,-12,-13,-1
415,Green,-8,-13,-24,-25,-5,-16,-17,-11,-12,-1
416,Red,-7,-12,-23,-24,-5,-16,-17,-11,-12,-1
417,Yellow,-7,-12,-24,-24,-5,-17,-17,-12,-12,0
418,Red,-6,-11,-23,-23,-5,-17,-17,-12,-12,0
419,Yellow,-6,-11,-24,-23,-5,-18,-17,-13,-12,1
420,Black,-6,-11,-24,-24,-5,-18,-18,-13,-13,0
421,Blue,-7,-11,-24,-24,-4,-17,-17,-13,-13,0
422,Blue,-8,-11,-24,-24,-3,-16,-16,-13,-13,0
423,Yellow,-8,-11,-25,-24,-3,-17,-16,-14,-13,1
424,Green,-8,-12,-25,-24,-4,-17,-16,-13,-12,1
425,Yellow,-8,-12,-26,-24,-4,-18,-16,-14,-12,2
426,Black,-8,-12,-26,-25,-4,-18,-17,-14,-13,1
427,Green,-8,-13,-26,-25,-5,-18,-17,-13,-12,1
428,Blue,-9,-13,-26,-25,-4,-17,-16,-13,-12,1
429,Black,-9,-13,-26,-26,-4,-17,-17,-13,-13,0
430,Red,-8,-12,-25,-25,-4,-17,-17,-13,-13,0
431,Blue,-9,-12,-25,-25,-3,-16,-16,-13,-13,0
432,Black,-9,-12,-25,-26,-3,-16,-17,-13,-14,-1
433,Blue,-10,-12,-25,-26,-2,-15,-16,-13,-14,-1
434,Red,-9,-11,-24,-25,-2,-15,-16,-13,-14,-1
435,Blue,-10,-11,-24,-25,-1,-14,-15,-13,-14,-1
436,Blue,-11,-11,-24,-25,0,-13,-14,-13,-14,-1
437,Green,-11,-12,-24,-25,-1,-13,-14,-12,-13,-1
438,Black,-11,-12,-24,-26,-1,-13,-15,-12,-14,-2
439,Green,-11,-13,-24,-26,-2,-13,-15,-11,-13,-2
440,Black,-11,-13,-24,-27,-2,-13,-16,-11,-14,-3
441,Green,-11,-14,-24,-27,-3,-13,-16,-10,-13,-3
442,Yellow,-11,-14,-25,-27,-3,-14,-16,-11,-13,-2
443,Black,-11,-14,-25,-28,-3,-14,-17,-11,-14,-3
444,Red,-10,-13,-24,-27,-3,-14,-17,-11,-14,-3
445,Blue,-11,-13,-24,-27,-2,-13,-16,-11,-14,-3
446,Blue,-12,-13,-24,-27,-1,-12,-15,-11,-14,-3
447,Blue,-13,-13,-24,-27,0,-11,-14,-11,-14,-3
448,Green,-13,-14,-24,-27,-1,-11,-14,-10,-13,-3
449,Black,-13,-14,-24,-28,-1,-11,-15,-10,-14,-4
450,Green,-13,-15,-24,-28,-2,-11,-15,-9,-13,-4
451,Red,-12,-14,-23,-27,-2,-11,-15,-9,-13,-4
452,Blue,-13,-14,-23,-27,-1,-10,-14,-9,-13,-4
453,Red,-12,-13,-22,-26,-1,-10,-14,-9,-13,-4
454,Black,-12,-13,-22,-27,-1,-10,-15,-9,-14,-5
455,Blue,-13,-13,-22,-27,0,-9,-14,-9,-14,-5
456,Red,-12,-12,-21,-26,0,-9,-14,-9,-14,-5
457,Green,-12,-13,-21,-26,-1,-9,-14,-8,-13,-5
458,Yellow,-12,-13,-22,-26,-1,-10,-14,-9,-13,-4
459,Black,-12,-13,-22,-27,-1,-10,-15,-9,-14,-5
460,Blue,-13,-13,-22,-27,0,-9,-14,-9,-14,-5
461,Yellow,-13,-13,-23,-27,0,-10,-14,-10,-14,-4
462,Blue,-14,-13,-23,-27,1,-9,-13,-10,-14,-4
463,Yellow,-14,-13,-24,-27,1,-10,-13,-11,-14,-3
464,Green,-14,-14,-24,-27,0,-10,-13,-10,-13,-3
465,Green,-14,-15,-24,-27,-1,-10,-13,-9,-12,-3
466,Green,-14,-16,-24,-27,-2,-10,-13,-8,-11,-3
467,Red,-13,-15,-23,-26,-2,-10,-13,-8,-11,-3
468,Red,-12,-14,-22,-25,-2,-10,-13,-8,-11,-3
469,Red,-11,-13,-21,-24,-2,-10,-13,-8,-11,-3
470,Green,-11,-14,-21,-24,-3,-10,-13,-7,-10,-3
471,Red,-10,-13,-20,-23,-3,-10,-13,-7,-10,-3
472,Green,-10,-14,-20,-23,-4,-10,-13,-6,-9,-3
473,Black,-10,-14,-20,-24,-4,-10,-14,-6,-10,-4
474,Yellow,-10,-14,-21,-24,-4,-11,-14,-7,-10,-3
475,Blue,-11,-14,-21,-24,-3,-10,-13,-7,-10,-3
476,Green,-11,-15,-21,-24,-4,-10,-13,-6,-9,-3
477,Yellow,-11,-15,-22,-24,-4,-11,-13,-7,-9,-2
478,Yellow,-11,-15,-23,-24,-4,-12,-13,-8,-9,-1
479,Red,-10,-14,-22,-23,-4,-12,-13,-8,-9,-1
480,Green,-10,-15,-22,-23,-5,-12,-13,-7,-8,-1
481,Black,-10,-15,-22,-24,-5,-12,-14,-7,-9,-2
482,Black,-10,-15,-22,-25,-5,-12,-15,-7,-10,-3
483,Black,-10,-15,-22,-26,-5,-12,-16,-7,-11,-4
484,Red,-9,-14,-21,-25,-5,-12,-16,-7,-11,-4
485,Yellow,-9,-14,-22,-25,-5,-13,-16,-8,-11,-3
486,Yellow,-9,-14,-23,-25,-5,-14,-16,-9,-11,-2
487,Black,-9,-14,-23,-26,-5,-14,-17,-9,-12,-3
488,Yellow,-9,-14,-24,-26,-5,-15,-17,-10,-12,-2
489,Yellow,-9,-14,-25,-26,-5,-16,-17,-11,-12,-1
490,Black,-9,-14,-25,-27,-5,-16,-18,-11,-13,-2
491,Red,-8,-13,-24,-26,-5,-16,-18,-11,-13,-2
492,Black,-8,-13,-24,-27,-5,-16,-19,-11,-14,-3
493,Black,-8,-13,-24,-28,-5,-16,-20,-11,-15,-4
494,Black,-8,-13,-24,-29,-5,-16,-21,-11,-16,-5
495,Green,-8,-14,-24,-29,-6,-16,-21,-10,-15,-5
496,Blue,-9,-14,-24,-29,-5,-15,-20,-10,-15,-5
497,Blue,-10,-14,-24,-29,-4,-14,-19,-10,-15,-5
498,Blue,-11,-14,-24,-29,-3,-13,-18,-10,-15,-5
499,Blue,-12,-14,-24,-29,-2,-12,-17,-10,-15,-5
500,Yellow,-12,-14,-25,-29,-2,-13,-17,-11,-15,-4
501,Green,-12,-15,-25,-29,-3,-13,-17,-10,-14,-4
502,Black,-12,-15,-25,-30,-3,-13,-18,-10,-15,-5
503,Blue,-13,-15,-25,-30,-2,-12,-17,-10,-15,-5
504,Red,-12,-14,-24,-29,-2,-12,-17,-10,-15,-5
505,Yellow,-12,-14,-25,-29,-2,-13,-17,-11,-15,-4
506,Black,-12,-14,-25,-30,-2,-13,-18,-11,-16,-5
507,Black,-12,-14,-25,-31,-2,-13,-19,-11,-17,-6
508,Blue,-13,-14,-25,-31,-1,-12,-18,-11,-17,-6
509,Red,-12,-13,-24,-30,-1,-12,-18,-11,-17,-6
510,Blue,-13,-13,-24,-30,0,-11,-17,-11,-17,-6
511,Black,-13,-13,-24,-31,0,-11,-18,-11,-18,-7
512,Red,-12,-12,-23,-30,0,-11,-18,-11,-18,-7
513,Green,-12,-13,-23,-30,-1,-11,-18,-10,-17,-7
514,Black,-12,-13,-23,-31,-1,-11,-19,-10,-18,-8
515,Red,-11,-12,-22,-30,-1,-11,-19,-10,-18,-8
516,Green,-11,-13,-22,-30,-2,-11,-19,-9,-17,-8
517,Blue,-12,-13,-22,-30,-1,-10,-18,-9,-17,-8
518,Green,-12,-14,-22,-30,-2,-10,-18,-8,-16,-8
519,Blue,-13,-14,-22,-30,-1,-9,-17,-8,-16,-8
520,Green,-13,-15,-22,-30,-2,-9,-17,-7,-15,-8
521,Blue,-14,-15,-22,-30,-1,-8,-16,-7,-15,-8
522,Green,-14,-16,-22,-30,-2,-8,-16,-6,-14,-8
523,Green,-14,-17,-22,-30,-3,-8,-16,-5,-13,-8
524,Yellow,-14,-17,-23,-30,-3,-9,-16,-6,-13,-7
525,Green,-14,-18,-23,-30,-4,-9,-16,-5,-12,-7
526,Black,-14,-18,-23,-31,-4,-9,-17,-5,-13,-8
527,Red,-13,-17,-22,-30,-4,-9,-17,-5,-13,-8
528,Green,-13,-18,-22,-30,-5,-9,-17,-4,-12,-8
529,Green,-13,-19,-22,-30,-6,-9,-17,-3,-11,-8
530,Blue,-14,-19,-22,-30,-5,-8,-16,-3,-11,-8
531,Yellow,-14,-19,-23,-30,-5,-9,-16,-4,-11,-7
532,Blue,-15,-19,-23,-30,-4,-8,-15,-4,-11,-7
533,Black,-15,-19,-23,-31,-4,-8,-16,-4,-12,-8
534,Red,-14,-18,-22,-30,-4,-8,-16,-4,-12,-8
535,Black,-14,-18,-22,-31,-4,-8,-17,-4,-13,-9
536,Blue,-15,-18,-22,-31,-3,-7,-16,-4,-13,-9
537,Blue,-16,-18,-22,-31,-2,-6,-15,-4,-13,-9
538,Red,-15,-17,-21,-30,-2,-6,-15,-4,-13,-9
539,Red,-14,-16,-20,-29,-2,-6,-15,-4,-13,-9
540,Blue,-15,-16,-20,-29,-1,-5,-14,-4,-13,-9
541,Green,-15,-17,-20,-29,-2,-5,-14,-3,-12,-9
542,Red,-14,-16,-19,-28,-2,-5,-14,-3,-12,-9
543,Yellow,-14,-16,-20,-28,-2,-6,-14,-4,-12,-8
544,Blue,-15,-16,-20,-28,-1,-5,-13,-4,-12,-8
545,Black,-15,-16,-20,-29,-1,-5,-14,-4,-13,-9
546,Yellow,-15,-16,-21,-29,-1,-6,-14,-5,-13,-8
547,Black,-15,-16,-21,-30,-1,-6,-15,-5,-14,-9
548,Blue,-16,-16,-21,-30,0,-5,-14,-5,-14,-9
549,Black,-16,-16,-21,-31,0,-5,-15,-5,-15,-10
550,Black,-16,-16,-21,-32,0,-5,-16,-5,-16,-11
551,Red,-15,-15,-20,-31,0,-5,-16,-5,-16,-11
552,Blue,-16,-15,-20,-31,1,-4,-15,-5,-16,-11
553,Blue,-17,-15,-20,-31,2,-3,-14,-5,-16,-11
554,Yellow,-17,-15,-21,-31,2,-4,-14,-6,-16,-10
555,Yellow,-17,-15,-22,-31,2,-5,-14,-7,-16,-9
556,Blue,-18,-15,-22,-31,3,-4,-13,-7,-16,-9
557,Black,-18,-15,-22,-32,3,-4,-14,-7,-17,-10
558,Yellow,-18,-15,-23,-32,3,-5,-14,-8,-17,-9
559,Blue,-19,-15,-23,-32,4,-4,-13,-8,-17,-9
560,Black,-19,-15,-23,-33,4,-4,-14,-8,-18,-10
561,Green,-19,-16,-23,-33,3,-4,-14,-7,-17,-10
562,Green,-19,-17,-23,-33,2,-4,-14,-6,-16,-10
563,Red,-18,-16,-22,-32,2,-4,-14,-6,-16,-10
564,Blue,-19,-16,-22,-32,3,-3,-13,-6,-16,-10
565,Blue,-20,-16,-22,-32,4,-2,-12,-6,-16,-10
566,Blue,-21,-16,-22,-32,5,-1,-11,-6,-16,-10
567,Yellow,-21,-16,-23,-32,5,-2,-11,-7,-16,-9
568,Green,-21,-17,-23,-32,4,-2,-11,-6,-15,-9
569,Yellow,-21,-17,-24,-32,4,-3,-11,-7,-15,-8
570,Yellow,-21,-17,-25,-32,4,-4,-11,-8,-15,-7
571,Red,-20,-16,-24,-31,4,-4,-11,-8,-15,-7
572,Green,-20,-17,-24,-31,3,-4,-11,-7,-14,-7
573,Red,-19,-16,-23,-30,3,-4,-11,-7,-14,-7
574,Blue,-20,-16,-23,-30,4,-3,-10,-7,-14,-7
575,Blue,-21,-16,-23,-30,5,-2,-9,-7,-14,-7
576,Green,-21,-17,-23,-30,4,-2,-9,-6,-13,-7
577,Yellow,-21,-17,-24,-30,4,-3,-9,-7,-13,-6
578,Blue,-22,-17,-24,-30,5,-2,-8,-7,-13,-6
579,Green,-22,-18,-24,-30,4,-2,-8,-6,-12,-6
580,Blue,-23,-18,-24,-30,5,-1,-7,-6,-12,-6
581,Black,-23,-18,-24,-31,5,-1,-8,-6,-13,-7
582,Black,-23,-18,-24,-32,5,-1,-9,-6,-14,-8
583,Blue,-24,-18,-24,-32,6,0,-8,-6,-14,-8
584,Red,-23,-17,-23,-31,6,0,-8,-6,-14,-8
585,Green,-23,-18,-23,-31,5,0,-8,-5,-13,-8
586,Red,-22,-17,-22,-30,5,0,-8,-5,-13,-8
587,Red,-21,-16,-21,-29,5,0,-8,-5,-13,-8
588,Red,-20,-15,-20,-28,5,0,-8,-5,-13,-8
589,Red,-19,-14,-19,-27,5,0,-8,-5,-13,-8
590,Green,-19,-15,-19,-27,4,0,-8,-4,-12,-8
591,Green,-19,-16,-19,-27,3,0,-8,-3,-11,-8
592,Yellow,-19,-16,-20,-27,3,-1,-8,-4,-11,-7
593,Black,-19,-16,-20,-28,3,-1,-9,-4,-12,-8
594,Black,-19,-16,-20,-29,3,-1,-10,-4,-13,-9
595,Red,-18,-15,-19,-28,3,-1,-10,-4,-13,-9
596,Green,-18,-16,-19,-28,2,-1,-10,-3,-12,-9
597,Blue,-19,-16,-19,-28,3,0,-9,-3,-12,-9
598,Yellow,-19,-16,-20,-28,3,-1,-9,-4,-12,-8
599,Yellow,-19,-16,-21,-28,3,-2,-9,-5,-12,-7
600,Green,-19,-17,-21,-28,2,-2,-9,-4,-11,-7
601,Red,-18,-16,-20,-27,2,-2,-9,-4,-11,-7
602,Black,-18,-16,-20,-28,2,-2,-10,-4,-12,-8
603,Red,-17,-15,-19,-27,2,-2,-10,-4,-12,-8
604,Yellow,-17,-15,-20,-27,2,-3,-10,-5,-12,-7
605,Green,-17,-16,-20,-27,1,-3,-10,-4,-11,-7
606,Red,-16,-15,-19,-26,1,-3,-10,-4,-11,-7
607,Yellow,-16,-15,-20,-26,1,-4,-10,-5,-11,-6
608,Blue,-17,-15,-20,-26,2,-3,-9,-5,-11,-6
609,Blue,-18,-15,-20,-26,3,-2,-8,-5,-11,-6
610,Yellow,-18,-15,-21,-26,3,-3,-8,-6,-11,-5
611,Red,-17,-14,-20,-25,3,-3,-8,-6,-11,-5
612,Yellow,-17,-14,-21,-25,3,-4,-8,-7,-11,-4
613,Yellow,-17,-14,-22,-25,3,-5,-8,-8,-11,-3
614,Blue,-18,-14,-22,-25,4,-4,-7,-8,-11,-3
615,Red,-17,-13,-21,-24,4,-4,-7,-8,-11,-3
616,Green,-17,-14,-21,-24,3,-4,-7,-7,-10,-3
617,Red,-16,-13,-20,-23,3,-4,-7,-7,-10,-3
618,Blue,-17,-13,-20,-23,4,-3,-6,-7,-10,-3
619,Black,-17,-13,-20,-24,4,-3,-7,-7,-11,-4
620,Black,-17,-13,-20,-25,4,-3,-8,-7,-12,-5
621,Blue,-18,-13,-20,-25,5,-2,-7,-7,-12,-5
622,Yellow,-18,-13,-21,-25,5,-3,-7,-8,-12,-4
623,Blue,-19,-13,-21,-25,6,-2,-6,-8,-12,-4
624,Blue,-20,-13,-21,-25,7,-1,-5,-8,-12,-4
625,Black,-20,-13,-21,-26,7,-1,-6,-8,-13,-5
626,Green,-20,-14,-21,-26,6,-1,-6,-7,-12,-5
627,Yellow,-20,-14,-22,-26,6,-2,-6,-8,-12,-4
628,Green,-20,-15,-22,-26,5,-2,-6,-7,-11,-4
629,Red,-19,-14,-21,-25,5,-2,-6,-7,-11,-4
630,Yellow,-19,-14,-22,-25,5,-3,-6,-8,-11,-3
631,Red,-18,-13,-21,-24,5,-3,-6,-8,-11,-3
632,Green,-18,-14,-21,-24,4,-3,-6,-7,-10,-3
633,Green,-18,-15,-21,-24,3,-3,-6,-6,-9,-3
634,Yellow,-18,-15,-22,-24,3,-4,-6,-7,-9,-2
635,Black,-18,-15,-22,-25,3,-4,-7,-7,-10,-3
636,Black,-18,-15,-22,-26,3,-4,-8,-7,-11,-4
637,Red,-17,-14,-21,-25,3,-4,-8,-7,-11,-4
638,Black,-17,-14,-21,-26,3,-4,-9,-7,-12,-5
639,Blue,-18,-14,-21,-26,4,-3,-8,-7,-12,-5
640,Green,-18,-15,-21,-26,3,-3,-8,-6,-11,-5
641,Green,-18,-16,-21,-26,2,-3,-8,-5,-10,-5
642,Black,-18,-16,-21,-27,2,-3,-9,-5,-11,-6
643,Blue,-19,-16,-21,-27,3,-2,-8,-5,-11,-6
644,Green,-19,-17,-21,-27,2,-2,-8,-4,-10,-6
645,Blue,-20,-17,-21,-27,3,-1,-7,-4,-10,-6
646,Blue,-21,-17,-21,-27,4,0,-6,-4,-10,-6
647,Red,-20,-16,-20,-26,4,0,-6,-4,-10,-6
648,Green,-20,-17,-20,-26,3,0,-6,-3,-9,-6
649,Red,-19,-16,-19,-25,3,0,-6,-3,-9,-6
650,Red,-18,-15,-18,-24,3,0,-6,-3,-9,-6
651,Red,-17,-14,-17,-23,3,0,-6,-3,-9,-6
652,Black,-17,-14,-17,-24,3,0,-7,-3,-10,-7
653,Red,-16,-13,-16,-23,3,0,-7,-3,-10,-7
654,Blue,-17,-13,-16,-23,4,1,-6,-3,-10,-7
655,Red,-16,-12,-15,-22,4,1,-6,-3,-10,-7
656,Red,-15,-11,-14,-21,4,1,-6,-3,-10,-7
657,Yellow,-15,-11,-15,-21,4,0,-6,-4,-10,-6
658,Green,-15,-12,-15,-21,3,0,-6,-3,-9,-6
659,Blue,-16,-12,-15,-21,4,1,-5,-3,-9,-6
660,Blue,-17,-12,-15,-21,5,2,-4,-3,-9,-6
661,Green,-17,-13,-15,-21,4,2,-4,-2,-8,-6
662,Green,-17,-14,-15,-21,3,2,-4,-1,-7,-6
663,Black,-17,-14,-15,-22,3,2,-5,-1,-8,-7
664,Red,-16,-13,-14,-21,3,2,-5,-1,-8,-7
665,Blue,-17,-13,-14,-21,4,3,-4,-1,-8,-7
666,Yellow,-17,-13,-15,-21,4,2,-4,-2,-8,-6
667,Green,-17,-14,-15,-21,3,2,-4,-1,-7,-6
668,Yellow,-17,-14,-16,-21,3,1,-4,-2,-7,-5
669,Red,-16,-13,-15,-20,3,1,-4,-2,-7,-5
670,Red,-15,-12,-14,-19,3,1,-4,-2,-7,-5
671,Red,-14,-11,-13,-18,3,1,-4,-2,-7,-5
672,Yellow,-14,-11,-14,-18,3,0,-4,-3,-7,-4
673,Yellow,-14,-11,-15,-18,3,-1,-4,-4,-7,-3
674,Blue,-15,-11,-15,-18,4,0,-3,-4,-7,-3
675,Yellow,-15,-11,-16,-18,4,-1,-3,-5,-7,-2
676,Black,-15,-11,-16,-19,4,-1,-4,-5,-8,-3
677,Black,-15,-11,-16,-20,4,-1,-5,-5,-9,-4
678,Red,-14,-10,-15,-19,4,-1,-5,-5,-9,-4
679,Red,-13,-9,-14,-18,4,-1,-5,-5,-9,-4
680,Blue,-14,-9,-14,-18,5,0,-4,-5,-9,-4
681,Blue,-15,-9,-14,-18,6,1,-3,-5,-9,-4
682,Blue,-16,-9,-14,-18,7,2,-2,-5,-9,-4
683,Blue,-17,-9,-14,-18,8,3,-1,-5,-9,-4
684,Green,-17,-10,-14,-18,7,3,-1,-4,-8,-4
685,Blue,-18,-10,-14,-18,8,4,0,-4,-8,-4
686,Red,-17,-9,-13,-17,8,4,0,-4,-8,-4
687,Red,-16,-8,-12,-16,8,4,0,-4,-8,-4
688,Black,-16,-8,-12,-17,8,4,-1,-4,-9,-5
689,Red,-15,-7,-11,-16,8,4,-1,-4,-9,-5
690,Red,-14,-6,-10,-15,8,4,-1,-4,-9,-5
691,Yellow,-14,-6,-11,-15,8,3,-1,-5,-9,-4
692,Black,-14,-6,-11,-16,8,3,-2,-5,-10,-5
693,Blue,-15,-6,-11,-16,9,4,-1,-5,-10,-5
694,Blue,-16,-6,-11,-16,10,5,0,-5,-10,-5
695,Black,-16,-6,-11,-17,10,5,-1,-5,-11,-6
696,Yellow,-16,-6,-12,-17,10,4,-1,-6,-11,-5
697,Green,-16,-7,-12,-17,9,4,-1,-5,-10,-5
698,Yellow,-16,-7,-13,-17,9,3,-1,-6,-10,-4
699,Red,-15,-6,-12,-16,9,3,-1,-6,-10,-4
700,Green,-15,-7,-12,-16,8,3,-1,-5,-9,-4
701,Yellow,-15,-7,-13,-16,8,2,-1,-6,-9,-3
702,Yellow,-15,-7,-14,-16,8,1,-1,-7,-9,-2
703,Blue,-16,-7,-14,-16,9,2,0,-7,-9,-2
704,Blue,-17,-7,-14,-16,10,3,1,-7,-9,-2
705,Blue,-18,-7,-14,-16,11,4,2,-7,-9,-2
706,Blue,-19,-7,-14,-16,12,5,3,-7,-9,-2
707,Black,-19,-7,-14,-17,12,5,2,-7,-10,-3
708,Green,-19,-8,-14,-17,11,5,2,-6,-9,-3
709,Blue,-20,-8,-14,-17,12,6,3,-6,-9,-3
710,Red,-19,-7,-13,-16,12,6,3,-6,-9,-3
711,Blue,-20,-7,-13,-16,13,7,4,-6,-9,-3
712,Red,-19,-6,-12,-15,13,7,4,-6,-9,-3
713,Red,-18,-5,-11,-14,13,7,4,-6,-9,-3
714,Blue,-19,-5,-11,-14,14,8,5,-6,-9,-3
715,Blue,-20,-5,-11,-14,15,9,6,-6,-9,-3
716,Green,-20,-6,-11,-14,14,9,6,-5,-8,-3
717,Black,-20,-6,-11,-15,14,9,5,-5,-9,-4
718,Blue,-21,-6,-11,-15,15,10,6,-5,-9,-4
719,Yellow,-21,-6,-12,-15,15,9,6,-6,-9,-3
720,Black,-21,-6,-12,-16,15,9,5,-6,-10,-4
721,Red,-20,-5,-11,-15,15,9,5,-6,-10,-4
722,Red,-19,-4,-10,-14,15,9,5,-6,-10,-4
723,Red,-18,-3,-9,-13,15,9,5,-6,-10,-4
724,Green,-18,-4,-9,-13,14,9,5,-5,-9,-4
725,Red,-17,-3,-8,-12,14,9,5,-5,-9,-4
726,Green,-17,-4,-8,-12,13,9,5,-4,-8,-4
727,Yellow,-17,-4,-9,-12,13,8,5,-5,-8,-3
728,Red,-16,-3,-8,-11,13,8,5,-5,-8,-3
729,Yellow,-16,-3,-9,-11,13,7,5,-6,-8,-2
730,Green,-16,-4,-9,-11,12,7,5,-5,-7,-2
731,Green,-16,-5,-9,-11,11,7,5,-4,-6,-2
732,Yellow,-16,-5,-10,-11,11,6,5,-5,-6,-1
733,Green,-16,-6,-10,-11,10,6,5,-4,-5,-1
734,Yellow,-16,-6,-11,-11,10,5,5,-5,-5,0
735,Green,-16,-7,-11,-11,9,5,5,-4,-4,0
736,Blue,-17,-7,-11,-11,10,6,6,-4,-4,0
737,Red,-16,-6,-10,-10,10,6,6,-4,-4,0
738,Green,-16,-7,-10,-10,9,6,6,-3,-3,0
739,Blue,-17,-7,-10,-10,10,7,7,-3,-3,0
740,Red,-16,-6,-9,-9,10,7,7,-3,-3,0
741,Green,-16,-7,-9,-9,9,7,7,-2,-2,0
742,Blue,-17,-7,-9,-9,10,8,8,-2,-2,0
743,Blue,-18,-7,-9,-9,11,9,9,-2,-2,0
744,Blue,-19,-7,-9,-9,12,10,10,-2,-2,0
745,Yellow,-19,-7,-10,-9,12,9,10,-3,-2,1
746,Yellow,-19,-7,-11,-9,12,8,10,-4,-2,2
747,Yellow,-19,-7,-12,-9,12,7,10,-5,-2,3
748,Green,-19,-8,-12,-9,11,7,10,-4,-1,3
749,Green,-19,-9,-12,-9,10,7,10,-3,0,3
750,Yellow,-19,-9,-13,-9,10,6,10,-4,0,4
751,Green,-19,-10,-13,-9,9,6,10,-3,1,4
752,Black,-19,-10,-13,-10,9,6,9,-3,0,3
753,Blue,-20,-10,-13,-10,10,7,10,-3,0,3
754,Black,-20,-10,-13,-11,10,7,9,-3,-1,2
755,Green,-20,-11,-13,-11,9,7,9,-2,0,2
756,Red,-19,-10,-12,-10,9,7,9,-2,0,2
757,Green,-19,-11,-12,-10,8,7,9,-1,1,2
758,Green,-19,-12,-12,-10,7,7,9,0,2,2
759,Green,-19,-13,-12,-10,6,7,9,1,3,2
760,Black,-19,-13,-12,-11,6,7,8,1,2,1
761,Green,-19,-14,-12,-11,5,7,8,2,3,1
762,Blue,-20,-14,-12,-11,6,8,9,2,3,1
763,Green,-20,-15,-12,-11,5,8,9,3,4,1
764,Blue,-21,-15,-12,-11,6,9,10,3,4,1
765,Black,-21,-15,-12,-12,6,9,9,3,3,0
766,Blue,-22,-15,-12,-12,7,10,10,3,3,0
767,Blue,-23,-15,-12,-12,8,11,11,3,3,0
768,Red,-22,-14,-11,-11,8,11,11,3,3,0
769,Red,-21,-13,-10,-10,8,11,11,3,3,0
770,Red,-20,-12,-9,-9,8,11,11,3,3,0
771,Black,-20,-12,-9,-10,8,11,10,3,2,-1
772,Black,-20,-12,-9,-11,8,11,9,3,1,-2
773,Red,-19,-11,-8,-10,8,11,9,3,1,-2
774,Blue,-20,-11,-8,-10,9,12,10,3,1,-2
775,Black,-20,-11,-8,-11,9,12,9,3,0,-3
776,Black,-20,-11,-8,-12,9,12,8,3,-1,-4
777,Yellow,-20,-11,-9,-12,9,11,8,2,-1,-3
778,Yellow,-20,-11,-10,-12,9,10,8,1,-1,-2
779,Black,-20,-11,-10,-13,9,10,7,1,-2,-3
780,Green,-20,-12,-10,-13,8,10,7,2,-1,-3
781,Black,-20,-12,-10,-14,8,10,6,2,-2,-4
782,Red,-19,-11,-9,-13,8,10,6,2,-2,-4
783,Yellow,-19,-11,-10,-13,8,9,6,1,-2,-3
784,Black,-19,-11,-10,-14,8,9,5,1,-3,-4
785,Yellow,-19,-11,-11,-14,8,8,5,0,-3,-3
786,Black,-19,-11,-11,-15,8,8,4,0,-4,-4
787,Blue,-20,-11,-11,-15,9,9,5,0,-4,-4
788,Yellow,-20,-11,-12,-15,9,8,5,-1,-4,-3
789,Blue,-21,-11,-12,-15,10,9,6,-1,-4,-3
790,Blue,-22,-11,-12,-15,11,10,7,-1,-4,-3
791,Red,-21,-10,-11,-14,11,10,7,-1,-4,-3
792,Blue,-22,-10,-11,-14,12,11,8,-1,-4,-3
793,Yellow,-22,-10,-12,-14,12,10,8,-2,-4,-2
794,Red,-21,-9,-11,-13,12,10,8,-2,-4,-2
795,Red,-20,-8,-10,-12,12,10,8,-2,-4,-2
796,Blue,-21,-8,-10,-12,13,11,9,-2,-4,-2
797,Red,-20,-7,-9,-11,13,11,9,-2,-4,-2
798,Black,-20,-7,-9,-12,13,11,8,-2,-5,-3
799,Red,-19,-6,-8,-11,13,11,8,-2,-5,-3
800,Blue,-20,-6,-8,-11,14,12,9,-2,-5,-3
801,Yellow,-20,-6,-9,-11,14,11,9,-3,-5,-2
802,Green,-20,-7,-9,-11,13,11,9,-2,-4,-2
803,Yellow,-20,-7,-10,-11,13,10,9,-3,-4,-1
804,Yellow,-20,-7,-11,-11,13,9,9,-4,-4,0
805,Red,-19,-6,-10,-10,13,9,9,-4,-4,0
806,Red,-18,-5,-9,-9,13,9,9,-4,-4,0
807,Black,-18,-5,-9,-10,13,9,8,-4,-5,-1
808,Blue,-19,-5,-9,-10,14,10,9,-4,-5,-1
809,Yellow,-19,-5,-10,-10,14,9,9,-5,-5,0
810,Black,-19,-5,-10,-11,14,9,8,-5,-6,-1
811,Green,-19,-6,-10,-11,13,9,8,-4,-5,-1
812,Yellow,-19,-6,-11,-11,13,8,8,-5,-5,0
813,Red,-18,-5,-10,-10,13,8,8,-5,-5,0
814,Black,-18,-5,-10,-11,13,8,7,-5,-6,-1
815,Green,-18,-6,-10,-11,12,8,7,-4,-5,-1
816,Yellow,-18,-6,-11,-11,12,7,7,-5,-5,0
817,Blue,-19,-6,-11,-11,13,8,8,-5,-5,0
818,Black,-19,-6,-11,-12,13,8,7,-5,-6,-1
819,Green,-19,-7,-11,-12,12,8,7,-4,-5,-1
820,Red,-18,-6,-10,-11,12,8,7,-4,-5,-1
821,Green,-18,-7,-10,-11,11,8,7,-3,-4,-1
822,Blue,-19,-7,-10,-11,12,9,8,-3,-4,-1
823,Black,-19,-7,-10,-12,12,9,7,-3,-5,-2
824,Green,-19,-8,-10,-12,11,9,7,-2,-4,-2
825,Blue,-20,-8,-10,-12,12,10,8,-2,-4,-2
826,Yellow,-20,-8,-11,-12,12,9,8,-3,-4,-1
827,Yellow,-20,-8,-12,-12,12,8,8,-4,-4,0
828,Red,-19,-7,-11,-11,12,8,8,-4,-4,0
829,Green,-19,-8,-11,-11,11,8,8,-3,-3,0
830,Black,-19,-8,-11,-12,11,8,7,-3,-4,-1
831,Yellow,-19,-8,-12,-12,11,7,7,-4,-4,0
832,Red,-18,-7,-11,-11,11,7,7,-4,-4,0
833,Yellow,-18,-7,-12,-11,11,6,7,-5,-4,1
834,Black,-18,-7,-12,-12,11,6,6,-5,-5,0
835,Yellow,-18,-7,-13,-12,11,5,6,-6,-5,1
836,Green,-18,-8,-13,-12,10,5,6,-5,-4,1
837,Yellow,-18,-8,-14,-12,10,4,6,-6,-4,2
838,Green,-18,-9,-14,-12,9,4,6,-5,-3,2
839,Yellow,-18,-9,-15,-12,9,3,6,-6,-3,3
840,Green,-18,-10,-15,-12,8,3,6,-5,-2,3
841,Blue,-19,-10,-15,-12,9,4,7,-5,-2,3
842,Yellow,-19,-10,-16,-12,9,3,7,-6,-2,4
843,Blue,-20,-10,-16,-12,10,4,8,-6,-2,4
844,Black,-20,-10,-16,-13,10,4,7,-6,-3,3
845,Red,-19,-9,-15,-12,10,4,7,-6,-3,3
846,Black,-19,-9,-15,-13,10,4,6,-6,-4,2
847,Blue,-20,-9,-15,-13,11,5,7,-6,-4,2
848,Blue,-21,-9,-15,-13,12,6,8,-6,-4,2
849,Yellow,-21,-9,-16,-13,12,5,8,-7,-4,3
850,Yellow,-21,-9,-17,-13,12,4,8,-8,-4,4
851,Blue,-22,-9,-17,-13,13,5,9,-8,-4,4
852,Blue,-23,-9,-17,-13,14,6,10,-8,-4,4
853,Blue,-24,-9,-17,-13,15,7,11,-8,-4,4
854,Blue,-25,-9,-17,-13,16,8,12,-8,-4,4
855,Yellow,-25,-9,-18,-13,16,7,12,-9,-4,5
856,Blue,-26,-9,-18,-13,17,8,13,-9,-4,5
857,Black,-26,-9,-18,-14,17,8,12,-9,-5,4
858,Black,-26,-9,-18,-15,17,8,11,-9,-6,3
859,Green,-26,-10,-18,-15,16,8,11,-8,-5,3
860,Blue,-27,-10,-18,-15,17,9,12,-8,-5,3
861,Green,-27,-11,-18,-15,16,9,12,-7,-4,3
862,Black,-27,-11,-18,-16,16,9,11,-7,-5,2
863,Blue,-28,-11,-18,-16,17,10,12,-7,-5,2
864,Red,-27,-10,-17,-15,17,10,12,-7,-5,2
865,Red,-26,-9,-16,-14,17,10,12,-7,-5,2
866,Black,-26,-9,-16,-15,17,10,11,-7,-6,1
867,Red,-25,-8,-15,-14,17,10,11,-7,-6,1
868,Red,-24,-7,-14,-13,17,10,11,-7,-6,1
869,Blue,-25,-7,-14,-13,18,11,12,-7,-6,1
870,Red,-24,-6,-13,-12,18,11,12,-7,-6,1
871,Green,-24,-7,-13,-12,17,11,12,-6,-5,1
872,Black,-24,-7,-13,-13,17,11,11,-6,-6,0
873,Black,-24,-7,-13,-14,17,11,10,-6,-7,-1
874,Black,-24,-7,-13,-15,17,11,9,-6,-8,-2
875,Blue,-25,-7,-13,-15,18,12,10,-6,-8,-2
876,Blue,-26,-7,-13,-15,19,13,11,-6,-8,-2
877,Black,-26,-7,-13,-16,19,13,10,-6,-9,-3
878,Red,-25,-6,-12,-15,19,13,10,-6,-9,-3
879,Green,-25,-7,-12,-15,18,13,10,-5,-8,-3
880,Red,-24,-6,-11,-14,18,13,10,-5,-8,-3
881,Blue,-25,-6,-11,-14,19,14,11,-5,-8,-3
882,Green,-25,-7,-11,-14,18,14,11,-4,-7,-3
883,Blue,-26,-7,-11,-14,19,15,12,-4,-7,-3
884,Blue,-27,-7,-11,-14,20,16,13,-4,-7,-3
885,Red,-26,-6,-10,-13,20,16,13,-4,-7,-3
886,Yellow,-26,-6,-11,-13,20,15,13,-5,-7,-2
887,Green,-26,-7,-11,-13,19,15,13,-4,-6,-2
888,Yellow,-26,-7,-12,-13,19,14,13,-5,-6,-1
889,Red,-25,-6,-11,-12,19,14,13,-5,-6,-1
890,Black,-25,-6,-11,-13,19,14,12,-5,-7,-2
891,Red,-24,-5,-10,-12,19,14,12,-5,-7,-2
892,Black,-24,-5,-10,-13,19,14,11,-5,-8,-3
893,Yellow,-24,-5,-11,-13,19,13,11,-6,-8,-2
894,Red,-23,-4,-10,-12,19,13,11,-6,-8,-2
895,Black,-23,-4,-10,-13,19,13,10,-6,-9,-3
896,Blue,-24,-4,-10,-13,20,14,11,-6,-9,-3
897,Green,-24,-5,-10,-13,19,14,11,-5,-8,-3
898,Green,-24,-6,-10,-13,18,14,11,-4,-7,-3
899,Red,-23,-5,-9,-12,18,14,11,-4,-7,-3
900,Green,-23,-6,-9,-12,17,14,11,-3,-6,-3
901,Green,-23,-7,-9,-12,16,14,11,-2,-5,-3
902,Black,-23,-7,-9,-13,16,14,10,-2,-6,-4
903,Blue,-24,-7,-9,-13,17,15,11,-2,-6,-4
904,Green,-24,-8,-9,-13,16,15,11,-1,-5,-4
905,Yellow,-24,-8,-10,-13,16,14,11,-2,-5,-3
906,Yellow,-24,-8,-11,-13,16,13,11,-3,-5,-2
907,Red,-23,-7,-10,-12,16,13,11,-3,-5,-2
908,Red,-22,-6,-9,-11,16,13,11,-3,-5,-2
909,Blue,-23,-6,-9,-11,17,14,12,-3,-5,-2
910,Red,-22,-5,-8,-10,17,14,12,-3,-5,-2
911,Yellow,-22,-5,-9,-10,17,13,12,-4,-5,-1
912,Black,-22,-5,-9,-11,17,13,11,-4,-6,-2
913,Red,-21,-4,-8,-10,17,13,11,-4,-6,-2
914,Black,-21,-4,-8,-11,17,13,10,-4,-7,-3
915,Green,-21,-5,-8,-11,16,13,10,-3,-6,-3
916,Black,-21,-5,-8,-12,16,13,9,-3,-7,-4
917,Red,-20,-4,-7,-11,16,13,9,-3,-7,-4
918,Blue,-21,-4,-7,-11,17,14,10,-3,-7,-4
919,Black,-21,-4,-7,-12,17,14,9,-3,-8,-5
920,Black,-21,-4,-7,-13,17,14,8,-3,-9,-6
921,Green,-21,-5,-7,-13,16,14,8,-2,-8,-6
922,Red,-20,-4,-6,-12,16,14,8,-2,-8,-6
923,Green,-20,-5,-6,-12,15,14,8,-1,-7,-6
924,Blue,-21,-5,-6,-12,16,15,9,-1,-7,-6
925,Green,-21,-6,-6,-12,15,15,9,0,-6,-6
926,Black,-21,-6,-6,-13,15,15,8,0,-7,-7
927,Yellow,-21,-6,-7,-13,15,14,8,-1,-7,-6
928,Yellow,-21,-6,-8,-13,15,13,8,-2,-7,-5
929,Red,-20,-5,-7,-12,15,13,8,-2,-7,-5
930,Green,-20,-6,-7,-12,14,13,8,-1,-6,-5
931,Blue,-21,-6,-7,-12,15,14,9,-1,-6,-5
932,Green,-21,-7,-7,-12,14,14,9,0,-5,-5
933,Green,-21,-8,-7,-12,13,14,9,1,-4,-5
934,Blue,-22,-8,-7,-12,14,15,10,1,-4,-5
935,Red,-21,-7,-6,-11,14,15,10,1,-4,-5
936,Green,-21,-8,-6,-11,13,15,10,2,-3,-5
937,Blue,-22,-8,-6,-11,14,16,11,2,-3,-5
938,Yellow,-22,-8,-7,-11,14,15,11,1,-3,-4
939,Blue,-23,-8,-7,-11,15,16,12,1,-3,-4
940,Black,-23,-8,-7,-12,15,16,11,1,-4,-5
941,Black,-23,-8,-7,-13,15,16,10,1,-5,-6
942,Black,-23,-8,-7,-14,15,16,9,1,-6,-7
943,Red,-22,-7,-6,-13,15,16,9,1,-6,-7
944,Blue,-23,-7,-6,-13,16,17,10,1,-6,-7
945,Green,-23,-8,-6,-13,15,17,10,2,-5,-7
946,Green,-23,-9,-6,-13,14,17,10,3,-4,-7
947,Red,-22,-8,-5,-12,14,17,10,3,-4,-7
948,Yellow,-22,-8,-6,-12,14,16,10,2,-4,-6
949,Yellow,-22,-8,-7,-12,14,15,10,1,-4,-5
950,Green,-22,-9,-7,-12,13,15,10,2,-3,-5
951,Blue,-23,-9,-7,-12,14,16,11,2,-3,-5
952,Yellow,-23,-9,-8,-12,14,15,11,1,-3,-4
953,Yellow,-23,-9,-9,-12,14,14,11,0,-3,-3
954,Blue,-24,-9,-9,-12,15,15,12,0,-3,-3
955,Blue,-25,-9,-9,-12,16,16,13,0,-3,-3
956,Yellow,-25,-9,-10,-12,16,15,13,-1,-3,-2
957,Green,-25,-10,-10,-12,15,15,13,0,-2,-2
958,Green,-25,-11,-10,-12,14,15,13,1,-1,-2
959,Blue,-26,-11,-10,-12,15,16,14,1,-1,-2
960,Black,-26,-11,-10,-13,15,16,13,1,-2,-3
961,Green,-26,-12,-10,-13,14,16,13,2,-1,-3
962,Yellow,-26,-12,-11,-13,14,15,13,1,-1,-2
963,Green,-26,-13,-11,-13,13,15,13,2,0,-2
964,Blue,-27,-13,-11,-13,14,16,14,2,0,-2
965,Green,-27,-14,-11,-13,13,16,14,3,1,-2
966,Yellow,-27,-14,-12,-13,13,15,14,2,1,-1
967,Black,-27,-14,-12,-14,13,15,13,2,0,-2
968,Blue,-28,-14,-12,-14,14,16,14,2,0,-2
969,Red,-27,-13,-11,-13,14,16,14,2,0,-2
970,Green,-27,-14,-11,-13,13,16,14,3,1,-2
971,Blue,-28,-14,-11,-13,14,17,15,3,1,-2
972,Blue,-29,-14,-11,-13,15,18,16,3,1,-2
973,Red,-28,-13,-10,-12,15,18,16,3,1,-2
974,Green,-28,-14,-10,-12,14,18,16,4,2,-2
975,Yellow,-28,-14,-11,-12,14,17,16,3,2,-1
976,Red,-27,-13,-10,-11,14,17,16,3,2,-1
977,Green,-27,-14,-10,-11,13,17,16,4,3,-1
978,Green,-27,-15,-10,-11,12,17,16,5,4,-1
979,Black,-27,-15,-10,-12,12,17,15,5,3,-2
980,Yellow,-27,-15,-11,-12,12,16,15,4,3,-1
981,Black,-27,-15,-11,-13,12,16,14,4,2,-2
982,Red,-26,-14,-10,-12,12,16,14,4,2,-2
983,Red,-25,-13,-9,-11,12,16,14,4,2,-2
984,Red,-24,-12,-8,-10,12,16,14,4,2,-2
985,Red,-23,-11,-7,-9,12,16,14,4,2,-2
986,Black,-23,-11,-7,-10,12,16,13,4,1,-3
987,Yellow,-23,-11,-8,-10,12,15,13,3,1,-2
988,Yellow,-23,-11,-9,-10,12,14,13,2,1,-1
989,Yellow,-23,-11,-10,-10,12,13,13,1,1,0
990,Black,-23,-11,-10,-11,12,13,12,1,0,-1
991,Black,-23,-11,-10,-12,12,13,11,1,-1,-2
992,Black,-23,-11,-10,-13,12,13,10,1,-2,-3
993,Blue,-24,-11,-10,-13,13,14,11,1,-2,-3
994,Yellow,-24,-11,-11,-13,13,13,11,0,-2,-2
995,Blue,-25,-11,-11,-13,14,14,12,0,-2,-2
996,Red,-24,-10,-10,-12,14,14,12,0,-2,-2
997,Yellow,-24,-10,-11,-12,14,13,12,-1,-2,-1
998,Red,-23,-9,-10,-11,14,13,12,-1,-2,-1
999,Blue,-24,-9,-10,-11,15,14,13,-1,-2,-1
1000,Red,-23,-8,-9,-10,15,14,13,-1,-2,-1
