index,color,Red-Blue,Red-Green,Blue-Green
1,Green,0,-1,-1
2,Blue,-1,-1,0
3,Green,-1,-2,-1
4,Blue,-2,-2,0
5,Blue,-3,-2,1
6,Blue,-4,-2,2
7,Green,-4,-3,1
8,Blue,-5,-3,2
9,Red,-4,-2,2
10,Green,-4,-3,1
11,Green,-4,-4,0
12,Green,-4,-5,-1
13,Green,-4,-6,-2
14,Green,-4,-7,-3
15,Red,-3,-6,-3
16,Red,-2,-5,-3
17,Red,-1,-4,-3
18,Green,-1,-5,-4
19,Green,-1,-6,-5
20,Blue,-2,-6,-4
21,Blue,-3,-6,-3
22,Red,-2,-5,-3
23,Green,-2,-6,-4
24,Red,-1,-5,-4
25,Blue,-2,-5,-3
26,Blue,-3,-5,-2
27,Blue,-4,-5,-1
28,Green,-4,-6,-2
29,Blue,-5,-6,-1
30,Blue,-6,-6,0
31,Blue,-7,-6,1
32,Blue,-8,-6,2
33,Blue,-9,-6,3
34,Green,-9,-7,2
35,Red,-8,-6,2
36,Blue,-9,-6,3
37,Green,-9,-7,2
38,Red,-8,-6,2
39,Blue,-9,-6,3
40,Green,-9,-7,2
41,Green,-9,-8,1
42,Blue,-10,-8,2
43,Green,-10,-9,1
44,Green,-10,-10,0
45,Blue,-11,-10,1
46,Green,-11,-11,0
47,Red,-10,-10,0
48,Green,-10,-11,-1
49,Blue,-11,-11,0
50,Blue,-12,-11,1
51,Red,-11,-10,1
52,Green,-11,-11,0
53,Green,-11,-12,-1
54,Blue,-12,-12,0
55,Red,-11,-11,0
56,Green,-11,-12,-1
57,Blue,-12,-12,0
58,Red,-11,-11,0
59,Red,-10,-10,0
60,Red,-9,-9,0
61,Blue,-10,-9,1
62,Red,-9,-8,1
63,Green,-9,-9,0
64,Red,-8,-8,0
65,Red,-7,-7,0
66,Blue,-8,-7,1
67,Green,-8,-8,0
68,Green,-8,-9,-1
69,Blue,-9,-9,0
70,Red,-8,-8,0
71,Green,-8,-9,-1
72,Red,-7,-8,-1
73,Green,-7,-9,-2
74,Blue,-8,-9,-1
75,Green,-8,-10,-2
76,Red,-7,-9,-2
77,Blue,-8,-9,-1
78,Blue,-9,-9,0
79,Blue,-10,-9,1
80,Green,-10,-10,0
81,Red,-9,-9,0
82,Red,-8,-8,0
83,Green,-8,-9,-1
84,Red,-7,-8,-1
85,Green,-7,-9,-2
86,Red,-6,-8,-2
87,Green,-6,-9,-3
88,Green,-6,-10,-4
89,Blue,-7,-10,-3
90,Red,-6,-9,-3
91,Red,-5,-8,-3
92,Blue,-6,-8,-2
93,Blue,-7,-8,-1
94,Green,-7,-9,-2
95,Red,-6,-8,-2
96,Blue,-7,-8,-1
97,Blue,-8,-8,0
98,Red,-7,-7,0
99,Green,-7,-8,-1
100,Green,-7,-9,-2
101,Red,-6,-8,-2
102,Red,-5,-7,-2
103,Blue,-6,-7,-1
104,Green,-6,-8,-2
105,Red,-5,-7,-2
106,Blue,-6,-7,-1
107,Red,-5,-6,-1
108,Green,-5,-7,-2
109,Green,-5,-8,-3
110,Green,-5,-9,-4
111,Blue,-6,-9,-3
112,Blue,-7,-9,-2
113,Green,-7,-10,-3
114,Green,-7,-11,-4
115,Blue,-8,-11,-3
116,Red,-7,-10,-3
117,Green,-7,-11,-4
118,Blue,-8,-11,-3
119,Blue,-9,-11,-2
120,Green,-9,-12,-3
121,Red,-8,-11,-3
122,Red,-7,-10,-3
123,Green,-7,-11,-4
124,Red,-6,-10,-4
125,Red,-5,-9,-4
126,Red,-4,-8,-4
127,Green,-4,-9,-5
128,Red,-3,-8,-5
129,Red,-2,-7,-5
130,Blue,-3,-7,-4
131,Red,-2,-6,-4
132,Blue,-3,-6,-3
133,Red,-2,-5,-3
134,Blue,-3,-5,-2
135,Red,-2,-4,-2
136,Red,-1,-3,-2
137,Blue,-2,-3,-1
138,Green,-2,-4,-2
139,Blue,-3,-4,-1
140,Blue,-4,-4,0
141,Blue,-5,-4,1
142,Red,-4,-3,1
143,Green,-4,-4,0
144,Green,-4,-5,-1
145,Green,-4,-6,-2
146,Red,-3,-5,-2
147,Red,-2,-4,-2
148,Green,-2,-5,-3
149,Red,-1,-4,-3
150,Green,-1,-5,-4
151,Red,0,-4,-4
152,Blue,-1,-4,-3
153,Red,0,-3,-3
154,Red,1,-2,-3
155,Blue,0,-2,-2
156,Red,1,-1,-2
157,Green,1,-2,-3
158,Green,1,-3,-4
159,Red,2,-2,-4
160,Green,2,-3,-5
161,Blue,1,-3,-4
162,Green,1,-4,-5
163,Red,2,-3,-5
164,Red,3,-2,-5
165,Green,3,-3,-6
166,Blue,2,-3,-5
167,Red,3,-2,-5
168,Blue,2,-2,-4
169,Blue,1,-2,-3
170,Red,2,-1,-3
171,Blue,1,-1,-2
172,Blue,0,-1,-1
173,Red,1,0,-1
174,Blue,0,0,0
175,Green,0,-1,-1
176,Blue,-1,-1,0
177,Red,0,0,0
178,Green,0,-1,-1
179,Red,1,0,-1
180,Red,2,1,-1
181,Green,2,0,-2
182,Red,3,1,-2
183,Red,4,2,-2
184,Red,5,3,-2
185,Green,5,2,-3
186,Blue,4,2,-2
187,Red,5,3,-2
188,Blue,4,3,-1
189,Red,5,4,-1
190,Blue,4,4,0
191,Blue,3,4,1
192,Green,3,3,0
193,Green,3,2,-1
194,Blue,2,2,0
195,Green,2,1,-1
196,Red,3,2,-1
197,Green,3,1,-2
198,Green,3,0,-3
199,Green,3,-1,-4
200,Red,4,0,-4
201,Blue,3,0,-3
202,Red,4,1,-3
203,Blue,3,1,-2
204,Green,3,0,-3
205,Green,3,-1,-4
206,Green,3,-2,-5
207,Green,3,-3,-6
208,Green,3,-4,-7
209,Green,3,-5,-8
210,Green,3,-6,-9
211,Blue,2,-6,-8
212,Green,2,-7,-9
213,Blue,1,-7,-8
214,Red,2,-6,-8
215,Blue,1,-6,-7
216,Red,2,-5,-7
217,Blue,1,-5,-6
218,Red,2,-4,-6
219,Red,3,-3,-6
220,Green,3,-4,-7
221,Blue,2,-4,-6
222,Red,3,-3,-6
223,Green,3,-4,-7
224,Blue,2,-4,-6
225,Green,2,-5,-7
226,Blue,1,-5,-6
227,Blue,0,-5,-5
228,Red,1,-4,-5
229,Blue,0,-4,-4
230,Blue,-1,-4,-3
231,Red,0,-3,-3
232,Red,1,-2,-3
233,Green,1,-3,-4
234,Red,2,-2,-4
235,Green,2,-3,-5
236,Red,3,-2,-5
237,Red,4,-1,-5
238,Red,5,0,-5
239,Green,5,-1,-6
240,Blue,4,-1,-5
241,Blue,3,-1,-4
242,Green,3,-2,-5
243,Green,3,-3,-6
244,Blue,2,-3,-5
245,Red,3,-2,-5
246,Green,3,-3,-6
247,Red,4,-2,-6
248,Green,4,-3,-7
249,Blue,3,-3,-6
250,Green,3,-4,-7
251,Green,3,-5,-8
252,Red,4,-4,-8
253,Green,4,-5,-9
254,Red,5,-4,-9
255,Green,5,-5,-10
256,Green,5,-6,-11
257,Blue,4,-6,-10
258,Red,5,-5,-10
259,Green,5,-6,-11
260,Blue,4,-6,-10
261,Blue,3,-6,-9
262,Green,3,-7,-10
263,Red,4,-6,-10
264,Green,4,-7,-11
265,Green,4,-8,-12
266,Green,4,-9,-13
267,Red,5,-8,-13
268,Blue,4,-8,-12
269,Red,5,-7,-12
270,Green,5,-8,-13
271,Blue,4,-8,-12
272,Red,5,-7,-12
273,Green,5,-8,-13
274,Blue,4,-8,-12
275,Green,4,-9,-13
276,Red,5,-8,-13
277,Green,5,-9,-14
278,Red,6,-8,-14
279,Green,6,-9,-15
280,Green,6,-10,-16
281,Red,7,-9,-16
282,Green,7,-10,-17
283,Blue,6,-10,-16
284,Red,7,-9,-16
285,Red,8,-8,-16
286,Blue,7,-8,-15
287,Blue,6,-8,-14
288,Green,6,-9,-15
289,Green,6,-10,-16
290,Green,6,-11,-17
291,Blue,5,-11,-16
292,Red,6,-10,-16
293,Blue,5,-10,-15
294,Blue,4,-10,-14
295,Red,5,-9,-14
296,Green,5,-10,-15
297,Red,6,-9,-15
298,Green,6,-10,-16
299,Blue,5,-10,-15
300,Red,6,-9,-15
301,Green,6,-10,-16
302,Blue,5,-10,-15
303,Red,6,-9,-15
304,Green,6,-10,-16
305,Blue,5,-10,-15
306,Red,6,-9,-15
307,Green,6,-10,-16
308,Green,6,-11,-17
309,Red,7,-10,-17
310,Blue,6,-10,-16
311,Blue,5,-10,-15
312,Red,6,-9,-15
313,Green,6,-10,-16
314,Green,6,-11,-17
315,Blue,5,-11,-16
316,Red,6,-10,-16
317,Blue,5,-10,-15
318,Red,6,-9,-15
319,Red,7,-8,-15
320,Blue,6,-8,-14
321,Green,6,-9,-15
322,Green,6,-10,-16
323,Green,6,-11,-17
324,Blue,5,-11,-16
325,Red,6,-10,-16
326,Red,7,-9,-16
327,Green,7,-10,-17
328,Red,8,-9,-17
329,Red,9,-8,-17
330,Blue,8,-8,-16
331,Red,9,-7,-16
332,Green,9,-8,-17
333,Red,10,-7,-17
334,Blue,9,-7,-16
335,Red,10,-6,-16
336,Green,10,-7,-17
337,Red,11,-6,-17
338,Red,12,-5,-17
339,Blue,11,-5,-16
340,Blue,10,-5,-15
341,Red,11,-4,-15
342,Green,11,-5,-16
343,Red,12,-4,-16
344,Green,12,-5,-17
345,Red,13,-4,-17
346,Red,14,-3,-17
347,Blue,13,-3,-16
348,Blue,12,-3,-15
349,Green,12,-4,-16
350,Green,12,-5,-17
351,Blue,11,-5,-16
352,Red,12,-4,-16
353,Red,13,-3,-16
354,Green,13,-4,-17
355,Green,13,-5,-18
356,Blue,12,-5,-17
357,Green,12,-6,-18
358,Red,13,-5,-18
359,Blue,12,-5,-17
360,Green,12,-6,-18
361,Green,12,-7,-19
362,Green,12,-8,-20
363,Red,13,-7,-20
364,Green,13,-8,-21
365,Red,14,-7,-21
366,Red,15,-6,-21
367,Green,15,-7,-22
368,Red,16,-6,-22
369,Blue,15,-6,-21
370,Green,15,-7,-22
371,Red,16,-6,-22
372,Red,17,-5,-22
373,Green,17,-6,-23
374,Red,18,-5,-23
375,Blue,17,-5,-22
376,Red,18,-4,-22
377,Red,19,-3,-22
378,Green,19,-4,-23
379,Blue,18,-4,-22
380,Red,19,-3,-22
381,Red,20,-2,-22
382,Green,20,-3,-23
383,Blue,19,-3,-22
384,Red,20,-2,-22
385,Red,21,-1,-22
386,Green,21,-2,-23
387,Blue,20,-2,-22
388,Blue,19,-2,-21
389,Red,20,-1,-21
390,Green,20,-2,-22
391,Red,21,-1,-22
392,Red,22,0,-22
393,Red,23,1,-22
394,Red,24,2,-22
395,Blue,23,2,-21
396,Red,24,3,-21
397,Blue,23,3,-20
398,Blue,22,3,-19
399,Red,23,4,-19
400,Red,24,5,-19
401,Red,25,6,-19
402,Green,25,5,-20
403,Blue,24,5,-19
404,Green,24,4,-20
405,Red,25,5,-20
406,Red,26,6,-20
407,Red,27,7,-20
408,Red,28,8,-20
409,Green,28,7,-21
410,Blue,27,7,-20
411,Red,28,8,-20
412,Green,28,7,-21
413,Blue,27,7,-20
414,Red,28,8,-20
415,Red,29,9,-20
416,Red,30,10,-20
417,Blue,29,10,-19
418,Red,30,11,-19
419,Blue,29,11,-18
420,Red,30,12,-18
421,Green,30,11,-19
422,Green,30,10,-20
423,Green,30,9,-21
424,Blue,29,9,-20
425,Red,30,10,-20
426,Blue,29,10,-19
427,Green,29,9,-20
428,Blue,28,9,-19
429,Blue,27,9,-18
430,Red,28,10,-18
431,Green,28,9,-19
432,Blue,27,9,-18
433,Blue,26,9,-17
434,Green,26,8,-18
435,Red,27,9,-18
436,Blue,26,9,-17
437,Green,26,8,-18
438,Green,26,7,-19
439,Blue,25,7,-18
440,Blue,24,7,-17
441,Red,25,8,-17
442,Red,26,9,-17
443,Blue,25,9,-16
444,Blue,24,9,-15
445,Red,25,10,-15
446,Green,25,9,-16
447,Green,25,8,-17
448,Red,26,9,-17
449,Green,26,8,-18
450,Blue,25,8,-17
451,Green,25,7,-18
452,Red,26,8,-18
453,Green,26,7,-19
454,Green,26,6,-20
455,Red,27,7,-20
456,Green,27,6,-21
457,Blue,26,6,-20
458,Red,27,7,-20
459,Blue,26,7,-19
460,Red,27,8,-19
461,Green,27,7,-20
462,Red,28,8,-20
463,Blue,27,8,-19
464,Green,27,7,-20
465,Red,28,8,-20
466,Blue,27,8,-19
467,Red,28,9,-19
468,Red,29,10,-19
469,Green,29,9,-20
470,Green,29,8,-21
471,Blue,28,8,-20
472,Red,29,9,-20
473,Green,29,8,-21
474,Green,29,7,-22
475,Blue,28,7,-21
476,Blue,27,7,-20
477,Red,28,8,-20
478,Red,29,9,-20
479,Red,30,10,-20
480,Green,30,9,-21
481,Green,30,8,-22
482,Green,30,7,-23
483,Green,30,6,-24
484,Red,31,7,-24
485,Blue,30,7,-23
486,Red,31,8,-23
487,Green,31,7,-24
488,Red,32,8,-24
489,Red,33,9,-24
490,Red,34,10,-24
491,Red,35,11,-24
492,Green,35,10,-25
493,Blue,34,10,-24
494,Green,34,9,-25
495,Red,35,10,-25
496,Blue,34,10,-24
497,Green,34,9,-25
498,Blue,33,9,-24
499,Green,33,8,-25
500,Green,33,7,-26
501,Blue,32,7,-25
502,Red,33,8,-25
503,Red,34,9,-25
504,Green,34,8,-26
505,Red,35,9,-26
506,Blue,34,9,-25
507,Green,34,8,-26
508,Green,34,7,-27
509,Green,34,6,-28
510,Red,35,7,-28
511,Red,36,8,-28
512,Green,36,7,-29
513,Red,37,8,-29
514,Green,37,7,-30
515,Blue,36,7,-29
516,Red,37,8,-29
517,Red,38,9,-29
518,Green,38,8,-30
519,Green,38,7,-31
520,Blue,37,7,-30
521,Green,37,6,-31
522,Green,37,5,-32
523,Green,37,4,-33
524,Blue,36,4,-32
525,Red,37,5,-32
526,Blue,36,5,-31
527,Red,37,6,-31
528,Blue,36,6,-30
529,Green,36,5,-31
530,Blue,35,5,-30
531,Blue,34,5,-29
532,Red,35,6,-29
533,Green,35,5,-30
534,Red,36,6,-30
535,Blue,35,6,-29
536,Blue,34,6,-28
537,Blue,33,6,-27
538,Red,34,7,-27
539,Blue,33,7,-26
540,Red,34,8,-26
541,Green,34,7,-27
542,Red,35,8,-27
543,Green,35,7,-28
544,Green,35,6,-29
545,Green,35,5,-30
546,Red,36,6,-30
547,Green,36,5,-31
548,Red,37,6,-31
549,Blue,36,6,-30
550,Green,36,5,-31
551,Red,37,6,-31
552,Red,38,7,-31
553,Red,39,8,-31
554,Blue,38,8,-30
555,Blue,37,8,-29
556,Blue,36,8,-28
557,Green,36,7,-29
558,Green,36,6,-30
559,Blue,35,6,-29
560,Red,36,7,-29
561,Red,37,8,-29
562,Red,38,9,-29
563,Red,39,10,-29
564,Green,39,9,-30
565,Red,40,10,-30
566,Green,40,9,-31
567,Red,41,10,-31
568,Green,41,9,-32
569,Red,42,10,-32
570,Blue,41,10,-31
571,Blue,40,10,-30
572,Blue,39,10,-29
573,Blue,38,10,-28
574,Blue,37,10,-27
575,Blue,36,10,-26
576,Green,36,9,-27
577,Red,37,10,-27
578,Red,38,11,-27
579,Blue,37,11,-26
580,Blue,36,11,-25
581,Green,36,10,-26
582,Blue,35,10,-25
583,Red,36,11,-25
584,Blue,35,11,-24
585,Green,35,10,-25
586,Blue,34,10,-24
587,Blue,33,10,-23
588,Blue,32,10,-22
589,Green,32,9,-23
590,Green,32,8,-24
591,Blue,31,8,-23
592,Green,31,7,-24
593,Blue,30,7,-23
594,Green,30,6,-24
595,Blue,29,6,-23
596,Blue,28,6,-22
597,Red,29,7,-22
598,Blue,28,7,-21
599,Green,28,6,-22
600,Blue,27,6,-21
601,Blue,26,6,-20
602,Red,27,7,-20
603,Green,27,6,-21
604,Green,27,5,-22
605,Red,28,6,-22
606,Green,28,5,-23
607,Blue,27,5,-22
608,Red,28,6,-22
609,Red,29,7,-22
610,Blue,28,7,-21
611,Red,29,8,-21
612,Green,29,7,-22
613,Green,29,6,-23
614,Blue,28,6,-22
615,Blue,27,6,-21
616,Blue,26,6,-20
617,Green,26,5,-21
618,Blue,25,5,-20
619,Blue,24,5,-19
620,Red,25,6,-19
621,Green,25,5,-20
622,Green,25,4,-21
623,Red,26,5,-21
624,Red,27,6,-21
625,Red,28,7,-21
626,Green,28,6,-22
627,Green,28,5,-23
628,Blue,27,5,-22
629,Green,27,4,-23
630,Blue,26,4,-22
631,Blue,25,4,-21
632,Green,25,3,-22
633,Red,26,4,-22
634,Red,27,5,-22
635,Green,27,4,-23
636,Red,28,5,-23
637,Blue,27,5,-22
638,Red,28,6,-22
639,Blue,27,6,-21
640,Red,28,7,-21
641,Blue,27,7,-20
642,Blue,26,7,-19
643,Green,26,6,-20
644,Green,26,5,-21
645,Red,27,6,-21
646,Green,27,5,-22
647,Red,28,6,-22
648,Red,29,7,-22
649,Red,30,8,-22
650,Green,30,7,-23
651,Red,31,8,-23
652,Red,32,9,-23
653,Blue,31,9,-22
654,Red,32,10,-22
655,Red,33,11,-22
656,Blue,32,11,-21
657,Blue,31,11,-20
658,Blue,30,11,-19
659,Red,31,12,-19
660,Red,32,13,-19
661,Blue,31,13,-18
662,Red,32,14,-18
663,Green,32,13,-19
664,Red,33,14,-19
665,Green,33,13,-20
666,Blue,32,13,-19
667,Green,32,12,-20
668,Blue,31,12,-19
669,Blue,30,12,-18
670,Green,30,11,-19
671,Blue,29,11,-18
672,Green,29,10,-19
673,Red,30,11,-19
674,Blue,29,11,-18
675,Green,29,10,-19
676,Blue,28,10,-18
677,Red,29,11,-18
678,Green,29,10,-19
679,Red,30,11,-19
680,Green,30,10,-20
681,Blue,29,10,-19
682,Blue,28,10,-18
683,Red,29,11,-18
684,Red,30,12,-18
685,Green,30,11,-19
686,Green,30,10,-20
687,Red,31,11,-20
688,Red,32,12,-20
689,Green,32,11,-21
690,Blue,31,11,-20
691,Green,31,10,-21
692,Red,32,11,-21
693,Red,33,12,-21
694,Red,34,13,-21
695,Blue,33,13,-20
696,Blue,32,13,-19
697,Red,33,14,-19
698,Green,33,13,-20
699,Blue,32,13,-19
700,Red,33,14,-19
701,Red,34,15,-19
702,Green,34,14,-20
703,Green,34,13,-21
704,Green,34,12,-22
705,Red,35,13,-22
706,Red,36,14,-22
707,Blue,35,14,-21
708,Blue,34,14,-20
709,Red,35,15,-20
710,Red,36,16,-20
711,Blue,35,16,-19
712,Blue,34,16,-18
713,Blue,33,16,-17
714,Blue,32,16,-16
715,Green,32,15,-17
716,Red,33,16,-17
717,Red,34,17,-17
718,Red,35,18,-17
719,Blue,34,18,-16
720,Red,35,19,-16
721,Red,36,20,-16
722,Blue,35,20,-15
723,Red,36,21,-15
724,Green,36,20,-16
725,Red,37,21,-16
726,Red,38,22,-16
727,Red,39,23,-16
728,Blue,38,23,-15
729,Blue,37,23,-14
730,Green,37,22,-15
731,Red,38,23,-15
732,Blue,37,23,-14
733,Blue,36,23,-13
734,Red,37,24,-13
735,Blue,36,24,-12
736,Blue,35,24,-11
737,Red,36,25,-11
738,Green,36,24,-12
739,Blue,35,24,-11
740,Green,35,23,-12
741,Red,36,24,-12
742,Blue,35,24,-11
743,Green,35,23,-12
744,Green,35,22,-13
745,Blue,34,22,-12
746,Blue,33,22,-11
747,Red,34,23,-11
748,Blue,33,23,-10
749,Red,34,24,-10
750,Blue,33,24,-9
751,Red,34,25,-9
752,Blue,33,25,-8
753,Red,34,26,-8
754,Blue,33,26,-7
755,Blue,32,26,-6
756,Green,32,25,-7
757,Blue,31,25,-6
758,Green,31,24,-7
759,Green,31,23,-8
760,Green,31,22,-9
761,Green,31,21,-10
762,Blue,30,21,-9
763,Red,31,22,-9
764,Green,31,21,-10
765,Green,31,20,-11
766,Green,31,19,-12
767,Blue,30,19,-11
768,Blue,29,19,-10
769,Red,30,20,-10
770,Green,30,19,-11
771,Green,30,18,-12
772,Blue,29,18,-11
773,Blue,28,18,-10
774,Blue,27,18,-9
775,Blue,26,18,-8
776,Red,27,19,-8
777,Red,28,20,-8
778,Red,29,21,-8
779,Green,29,20,-9
780,Blue,28,20,-8
781,Blue,27,20,-7
782,Green,27,19,-8
783,Blue,26,19,-7
784,Blue,25,19,-6
785,Green,25,18,-7
786,Green,25,17,-8
787,Red,26,18,-8
788,Red,27,19,-8
789,Blue,26,19,-7
790,Blue,25,19,-6
791,Red,26,20,-6
792,Red,27,21,-6
793,Red,28,22,-6
794,Red,29,23,-6
795,Red,30,24,-6
796,Blue,29,24,-5
797,Green,29,23,-6
798,Blue,28,23,-5
799,Green,28,22,-6
800,Blue,27,22,-5
801,Blue,26,22,-4
802,Red,27,23,-4
803,Green,27,22,-5
804,Red,28,23,-5
805,Blue,27,23,-4
806,Blue,26,23,-3
807,Red,27,24,-3
808,Red,28,25,-3
809,Green,28,24,-4
810,Green,28,23,-5
811,Red,29,24,-5
812,Red,30,25,-5
813,Blue,29,25,-4
814,Blue,28,25,-3
815,Red,29,26,-3
816,Green,29,25,-4
817,Green,29,24,-5
818,Green,29,23,-6
819,Blue,28,23,-5
820,Blue,27,23,-4
821,Blue,26,23,-3
822,Blue,25,23,-2
823,Blue,24,23,-1
824,Red,25,24,-1
825,Red,26,25,-1
826,Blue,25,25,0
827,Blue,24,25,1
828,Green,24,24,0
829,Green,24,23,-1
830,Blue,23,23,0
831,Green,23,22,-1
832,Red,24,23,-1
833,Green,24,22,-2
834,Red,25,23,-2
835,Blue,24,23,-1
836,Green,24,22,-2
837,Red,25,23,-2
838,Green,25,22,-3
839,Green,25,21,-4
840,Green,25,20,-5
841,Green,25,19,-6
842,Green,25,18,-7
843,Red,26,19,-7
844,Blue,25,19,-6
845,Green,25,18,-7
846,Red,26,19,-7
847,Red,27,20,-7
848,Green,27,19,-8
849,Green,27,18,-9
850,Blue,26,18,-8
851,Blue,25,18,-7
852,Red,26,19,-7
853,Blue,25,19,-6
854,Green,25,18,-7
855,Red,26,19,-7
856,Blue,25,19,-6
857,Red,26,20,-6
858,Blue,25,20,-5
859,Green,25,19,-6
860,Green,25,18,-7
861,Red,26,19,-7
862,Blue,25,19,-6
863,Green,25,18,-7
864,Red,26,19,-7
865,Blue,25,19,-6
866,Red,26,20,-6
867,Blue,25,20,-5
868,Blue,24,20,-4
869,Blue,23,20,-3
870,Green,23,19,-4
871,Blue,22,19,-3
872,Red,23,20,-3
873,Red,24,21,-3
874,Green,24,20,-4
875,Green,24,19,-5
876,Green,24,18,-6
877,Red,25,19,-6
878,Blue,24,19,-5
879,Blue,23,19,-4
880,Green,23,18,-5
881,Green,23,17,-6
882,Blue,22,17,-5
883,Green,22,16,-6
884,Blue,21,16,-5
885,Blue,20,16,-4
886,Green,20,15,-5
887,Green,20,14,-6
888,Red,21,15,-6
889,Red,22,16,-6
890,Green,22,15,-7
891,Blue,21,15,-6
892,Red,22,16,-6
893,Red,23,17,-6
894,Green,23,16,-7
895,Blue,22,16,-6
896,Blue,21,16,-5
897,Blue,20,16,-4
898,Blue,19,16,-3
899,Red,20,17,-3
900,Blue,19,17,-2
901,Blue,18,17,-1
902,Green,18,16,-2
903,Green,18,15,-3
904,Blue,17,15,-2
905,Blue,16,15,-1
906,Blue,15,15,0
907,Blue,14,15,1
908,Green,14,14,0
909,Green,14,13,-1
910,Blue,13,13,0
911,Green,13,12,-1
912,Green,13,11,-2
913,Red,14,12,-2
914,Blue,13,12,-1
915,Blue,12,12,0
916,Red,13,13,0
917,Blue,12,13,1
918,Blue,11,13,2
919,Blue,10,13,3
920,Red,11,14,3
921,Green,11,13,2
922,Blue,10,13,3
923,Red,11,14,3
924,Red,12,15,3
925,Blue,11,15,4
926,Green,11,14,3
927,Blue,10,14,4
928,Red,11,15,4
929,Blue,10,15,5
930,Blue,9,15,6
931,Green,9,14,5
932,Blue,8,14,6
933,Red,9,15,6
934,Blue,8,15,7
935,Red,9,16,7
936,Green,9,15,6
937,Green,9,14,5
938,Blue,8,14,6
939,Green,8,13,5
940,Red,9,14,5
941,Red,10,15,5
942,Red,11,16,5
943,Red,12,17,5
944,Green,12,16,4
945,Red,13,17,4
946,Blue,12,17,5
947,Red,13,18,5
948,Blue,12,18,6
949,Green,12,17,5
950,Red,13,18,5
951,Green,13,17,4
952,Red,14,18,4
953,Green,14,17,3
954,Blue,13,17,4
955,Green,13,16,3
956,Blue,12,16,4
957,Green,12,15,3
958,Red,13,16,3
959,Blue,12,16,4
960,Red,13,17,4
961,Green,13,16,3
962,Green,13,15,2
963,Red,14,16,2
964,Red,15,17,2
965,Green,15,16,1
966,Blue,14,16,2
967,Green,14,15,1
968,Red,15,16,1
969,Blue,14,16,2
970,Green,14,15,1
971,Blue,13,15,2
972,Green,13,14,1
973,Green,13,13,0
974,Blue,12,13,1
975,Green,12,12,0
976,Blue,11,12,1
977,Green,11,11,0
978,Red,12,12,0
979,Green,12,11,-1
980,Red,13,12,-1
981,Blue,12,12,0
982,Red,13,13,0
983,Blue,12,13,1
984,Green,12,12,0
985,Red,13,13,0
986,Green,13,12,-1
987,Red,14,13,-1
988,Red,15,14,-1
989,Red,16,15,-1
990,Blue,15,15,0
991,Green,15,14,-1
992,Blue,14,14,0
993,Green,14,13,-1
994,Blue,13,13,0
995,Green,13,12,-1
996,Red,14,13,-1
997,Green,14,12,-2
998,Blue,13,12,-1
999,Red,14,13,-1
1000,Green,14,12,-2
