index,color,Red-Blue,Red-Green,Red-Yellow,Blue-Green,Blue-Yellow,Green-Yellow
1,Yellow,0,0,-1,0,-1,-1
2,Yellow,0,0,-2,0,-2,-2
3,Blue,-1,0,-2,1,-1,-2
4,Green,-1,-1,-2,0,-1,-1
5,Green,-1,-2,-2,-1,-1,0
6,Blue,-2,-2,-2,0,0,0
7,Red,-1,-1,-1,0,0,0
8,Red,0,0,0,0,0,0
9,Red,1,1,1,0,0,0
10,Yellow,1,1,0,0,-1,-1
11,Red,2,2,1,0,-1,-1
12,Red,3,3,2,0,-1,-1
13,Red,4,4,3,0,-1,-1
14,Blue,3,4,3,1,0,-1
15,Red,4,5,4,1,0,-1
16,Blue,3,5,4,2,1,-1
17,Blue,2,5,4,3,2,-1
18,Blue,1,5,4,4,3,-1
19,Red,2,6,5,4,3,-1
20,Yellow,2,6,4,4,2,-2
21,Blue,1,6,4,5,3,-2
22,Red,2,7,5,5,3,-2
23,Yellow,2,7,4,5,2,-3
24,Blue,1,7,4,6,3,-3
25,Red,2,8,5,6,3,-3
26,Red,3,9,6,6,3,-3
27,Green,3,8,6,5,3,-2
28,Red,4,9,7,5,3,-2
29,Yellow,4,9,6,5,2,-3
30,Green,4,8,6,4,2,-2
31,Blue,3,8,6,5,3,-2
32,Yellow,3,8,5,5,2,-3
33,Red,4,9,6,5,2,-3
34,Green,4,8,6,4,2,-2
35,Yellow,4,8,5,4,1,-3
36,Blue,3,8,5,5,2,-3
37,Green,3,7,5,4,2,-2
38,Green,3,6,5,3,2,-1
39,Red,4,7,6,3,2,-1
40,Green,4,6,6,2,2,0
41,Yellow,4,6,5,2,1,-1
42,Blue,3,6,5,3,2,-1
43,Red,4,7,6,3,2,-1
44,Red,5,8,7,3,2,-1
45,Blue,4,8,7,4,3,-1
46,Yellow,4,8,6,4,2,-2
47,Yellow,4,8,5,4,1,-3
48,Yellow,4,8,4,4,0,-4
49,Blue,3,8,4,5,1,-4
50,Blue,2,8,4,6,2,-4
51,Green,2,7,4,5,2,-3
52,Yellow,2,7,3,5,1,-4
53,Blue,1,7,3,6,2,-4
54,Green,1,6,3,5,2,-3
55,Green,1,5,3,4,2,-2
56,Red,2,6,4,4,2,-2
57,Blue,1,6,4,5,3,-2
58,Yellow,1,6,3,5,2,-3
59,Green,1,5,3,4,2,-2
60,Yellow,1,5,2,4,1,-3
61,Green,1,4,2,3,1,-2
62,Green,1,3,2,2,1,-1
63,Blue,0,3,2,3,2,-1
64,Blue,-1,3,2,4,3,-1
65,Green,-1,2,2,3,3,0
66,Green,-1,1,2,2,3,1
67,Green,-1,0,2,1,3,2
68,Yellow,-1,0,1,1,2,1
69,Green,-1,-1,1,0,2,2
70,Blue,-2,-1,1,1,3,2
71,Red,-1,0,2,1,3,2
72,Blue,-2,0,2,2,4,2
73,Yellow,-2,0,1,2,3,1
74,Green,-2,-1,1,1,3,2
75,Green,-2,-2,1,0,3,3
76,Yellow,-2,-2,0,0,2,2
77,Blue,-3,-2,0,1,3,2
78,Blue,-4,-2,0,2,4,2
79,Green,-4,-3,0,1,4,3
80,Blue,-5,-3,0,2,5,3
81,Blue,-6,-3,0,3,6,3
82,Red,-5,-2,1,3,6,3
83,Green,-5,-3,1,2,6,4
84,Green,-5,-4,1,1,6,5
85,Green,-5,-5,1,0,6,6
86,Red,-4,-4,2,0,6,6
87,Red,-3,-3,3,0,6,6
88,Blue,-4,-3,3,1,7,6
89,Yellow,-4,-3,2,1,6,5
90,Red,-3,-2,3,1,6,5
91,Yellow,-3,-2,2,1,5,4
92,Blue,-4,-2,2,2,6,4
93,Blue,-5,-2,2,3,7,4
94,Red,-4,-1,3,3,7,4
95,Yellow,-4,-1,2,3,6,3
96,Green,-4,-2,2,2,6,4
97,Red,-3,-1,3,2,6,4
98,Blue,-4,-1,3,3,7,4
99,Blue,-5,-1,3,4,8,4
100,Blue,-6,-1,3,5,9,4
