index,color,Red-Blue,Red-Green,Red-Yellow,Red-Black,Blue-Green,Blue-Yellow,Blue-Black,Green-Yellow,Green-Black,Yellow-Black
1,Black,0,0,0,-1,0,0,-1,0,-1,-1
2,Yellow,0,0,-1,-1,0,-1,-1,-1,-1,0
3,Black,0,0,-1,-2,0,-1,-2,-1,-2,-1
4,Black,0,0,-1,-3,0,-1,-3,-1,-3,-2
5,Yellow,0,0,-2,-3,0,-2,-3,-2,-3,-1
6,Black,0,0,-2,-4,0,-2,-4,-2,-4,-2
7,Yellow,0,0,-3,-4,0,-3,-4,-3,-4,-1
8,Green,0,-1,-3,-4,-1,-3,-4,-2,-3,-1
9,Black,0,-1,-3,-5,-1,-3,-5,-2,-4,-2
10,Black,0,-1,-3,-6,-1,-3,-6,-2,-5,-3
11,Red,1,0,-2,-5,-1,-3,-6,-2,-5,-3
12,Yellow,1,0,-3,-5,-1,-4,-6,-3,-5,-2
13,Green,1,-1,-3,-5,-2,-4,-6,-2,-4,-2
14,Yellow,1,-1,-4,-5,-2,-5,-6,-3,-4,-1
15,Red,2,0,-3,-4,-2,-5,-6,-3,-4,-1
16,Yellow,2,0,-4,-4,-2,-6,-6,-4,-4,0
17,Black,2,0,-4,-5,-2,-6,-7,-4,-5,-1
18,Black,2,0,-4,-6,-2,-6,-8,-4,-6,-2
19,Black,2,0,-4,-7,-2,-6,-9,-4,-7,-3
20,Red,3,1,-3,-6,-2,-6,-9,-4,-7,-3
21,Black,3,1,-3,-7,-2,-6,-10,-4,-8,-4
22,Black,3,1,-3,-8,-2,-6,-11,-4,-9,-5
23,Green,3,0,-3,-8,-3,-6,-11,-3,-8,-5
24,Red,4,1,-2,-7,-3,-6,-11,-3,-8,-5
25,Blue,3,1,-2,-7,-2,-5,-10,-3,-8,-5
26,Green,3,0,-2,-7,-3,-5,-10,-2,-7,-5
27,Red,4,1,-1,-6,-3,-5,-10,-2,-7,-5
28,Yellow,4,1,-2,-6,-3,-6,-10,-3,-7,-4
29,Red,5,2,-1,-5,-3,-6,-10,-3,-7,-4
30,Blue,4,2,-1,-5,-2,-5,-9,-3,-7,-4
31,Yellow,4,2,-2,-5,-2,-6,-9,-4,-7,-3
32,Green,4,1,-2,-5,-3,-6,-9,-3,-6,-3
33,Green,4,0,-2,-5,-4,-6,-9,-2,-5,-3
34,Red,5,1,-1,-4,-4,-6,-9,-2,-5,-3
35,Red,6,2,0,-3,-4,-6,-9,-2,-5,-3
36,Yellow,6,2,-1,-3,-4,-7,-9,-3,-5,-2
37,Yellow,6,2,-2,-3,-4,-8,-9,-4,-5,-1
38,Green,6,1,-2,-3,-5,-8,-9,-3,-4,-1
39,Red,7,2,-1,-2,-5,-8,-9,-3,-4,-1
40,Blue,6,2,-1,-2,-4,-7,-8,-3,-4,-1
41,Blue,5,2,-1,-2,-3,-6,-7,-3,-4,-1
42,Yellow,5,2,-2,-2,-3,-7,-7,-4,-4,0
43,Blue,4,2,-2,-2,-2,-6,-6,-4,-4,0
44,Black,4,2,-2,-3,-2,-6,-7,-4,-5,-1
45,Green,4,1,-2,-3,-3,-6,-7,-3,-4,-1
46,Green,4,0,-2,-3,-4,-6,-7,-2,-3,-1
47,Yellow,4,0,-3,-3,-4,-7,-7,-3,-3,0
48,Black,4,0,-3,-4,-4,-7,-8,-3,-4,-1
49,Yellow,4,0,-4,-4,-4,-8,-8,-4,-4,0
50,Black,4,0,-4,-5,-4,-8,-9,-4,-5,-1
51,Blue,3,0,-4,-5,-3,-7,-8,-4,-5,-1
52,Blue,2,0,-4,-5,-2,-6,-7,-4,-5,-1
53,Blue,1,0,-4,-5,-1,-5,-6,-4,-5,-1
54,Yellow,1,0,-5,-5,-1,-6,-6,-5,-5,0
55,Yellow,1,0,-6,-5,-1,-7,-6,-6,-5,1
56,Green,1,-1,-6,-5,-2,-7,-6,-5,-4,1
57,Blue,0,-1,-6,-5,-1,-6,-5,-5,-4,1
58,Black,0,-1,-6,-6,-1,-6,-6,-5,-5,0
59,Green,0,-2,-6,-6,-2,-6,-6,-4,-4,0
60,Red,1,-1,-5,-5,-2,-6,-6,-4,-4,0
61,Blue,0,-1,-5,-5,-1,-5,-5,-4,-4,0
62,Yellow,0,-1,-6,-5,-1,-6,-5,-5,-4,1
63,Green,0,-2,-6,-5,-2,-6,-5,-4,-3,1
64,Black,0,-2,-6,-6,-2,-6,-6,-4,-4,0
65,Red,1,-1,-5,-5,-2,-6,-6,-4,-4,0
66,Black,1,-1,-5,-6,-2,-6,-7,-4,-5,-1
67,Blue,0,-1,-5,-6,-1,-5,-6,-4,-5,-1
68,Black,0,-1,-5,-7,-1,-5,-7,-4,-6,-2
69,Blue,-1,-1,-5,-7,0,-4,-6,-4,-6,-2
70,Red,0,0,-4,-6,0,-4,-6,-4,-6,-2
71,Blue,-1,0,-4,-6,1,-3,-5,-4,-6,-2
72,Red,0,1,-3,-5,1,-3,-5,-4,-6,-2
73,Black,0,1,-3,-6,1,-3,-6,-4,-7,-3
74,Blue,-1,1,-3,-6,2,-2,-5,-4,-7,-3
75,Black,-1,1,-3,-7,2,-2,-6,-4,-8,-4
76,Blue,-2,1,-3,-7,3,-1,-5,-4,-8,-4
77,Yellow,-2,1,-4,-7,3,-2,-5,-5,-8,-3
78,Blue,-3,1,-4,-7,4,-1,-4,-5,-8,-3
79,Green,-3,0,-4,-7,3,-1,-4,-4,-7,-3
80,Green,-3,-1,-4,-7,2,-1,-4,-3,-6,-3
81,Green,-3,-2,-4,-7,1,-1,-4,-2,-5,-3
82,Red,-2,-1,-3,-6,1,-1,-4,-2,-5,-3
83,Blue,-3,-1,-3,-6,2,0,-3,-2,-5,-3
84,Red,-2,0,-2,-5,2,0,-3,-2,-5,-3
85,Black,-2,0,-2,-6,2,0,-4,-2,-6,-4
86,Blue,-3,0,-2,-6,3,1,-3,-2,-6,-4
87,Red,-2,1,-1,-5,3,1,-3,-2,-6,-4
88,Black,-2,1,-1,-6,3,1,-4,-2,-7,-5
89,Black,-2,1,-1,-7,3,1,-5,-2,-8,-6
90,Green,-2,0,-1,-7,2,1,-5,-1,-7,-6
91,Red,-1,1,0,-6,2,1,-5,-1,-7,-6
92,Yellow,-1,1,-1,-6,2,0,-5,-2,-7,-5
93,Black,-1,1,-1,-7,2,0,-6,-2,-8,-6
94,Blue,-2,1,-1,-7,3,1,-5,-2,-8,-6
95,Yellow,-2,1,-2,-7,3,0,-5,-3,-8,-5
96,Green,-2,0,-2,-7,2,0,-5,-2,-7,-5
97,Black,-2,0,-2,-8,2,0,-6,-2,-8,-6
98,Red,-1,1,-1,-7,2,0,-6,-2,-8,-6
99,Red,0,2,0,-6,2,0,-6,-2,-8,-6
100,Red,1,3,1,-5,2,0,-6,-2,-8,-6
