index,color,Red-Blue,Red-Green,Red-Yellow,Blue-Green,Blue-Yellow,Green-Yellow
1,Green,0,-1,0,-1,0,1
2,Yellow,0,-1,-1,-1,-1,0
3,Green,0,-2,-1,-2,-1,1
4,Blue,-1,-2,-1,-1,0,1
5,Blue,-2,-2,-1,0,1,1
6,Yellow,-2,-2,-2,0,0,0
7,Blue,-3,-2,-2,1,1,0
8,Blue,-4,-2,-2,2,2,0
9,Blue,-5,-2,-2,3,3,0
10,Yellow,-5,-2,-3,3,2,-1
11,Blue,-6,-2,-3,4,3,-1
12,Green,-6,-3,-3,3,3,0
13,Blue,-7,-3,-3,4,4,0
14,Red,-6,-2,-2,4,4,0
15,Yellow,-6,-2,-3,4,3,-1
16,Green,-6,-3,-3,3,3,0
17,Yellow,-6,-3,-4,3,2,-1
18,Yellow,-6,-3,-5,3,1,-2
19,Green,-6,-4,-5,2,1,-1
20,Red,-5,-3,-4,2,1,-1
21,Green,-5,-4,-4,1,1,0
22,Green,-5,-5,-4,0,1,1
23,Red,-4,-4,-3,0,1,1
24,Green,-4,-5,-3,-1,1,2
25,Green,-4,-6,-3,-2,1,3
26,Red,-3,-5,-2,-2,1,3
27,Green,-3,-6,-2,-3,1,4
28,Red,-2,-5,-1,-3,1,4
29,Red,-1,-4,0,-3,1,4
30,Red,0,-3,1,-3,1,4
31,Green,0,-4,1,-4,1,5
32,Red,1,-3,2,-4,1,5
33,Green,1,-4,2,-5,1,6
34,Blue,0,-4,2,-4,2,6
35,Red,1,-3,3,-4,2,6
36,Blue,0,-3,3,-3,3,6
37,Green,0,-4,3,-4,3,7
38,Yellow,0,-4,2,-4,2,6
39,Yellow,0,-4,1,-4,1,5
40,Green,0,-5,1,-5,1,6
41,Yellow,0,-5,0,-5,0,5
42,Red,1,-4,1,-5,0,5
43,Green,1,-5,1,-6,0,6
44,Green,1,-6,1,-7,0,7
45,Blue,0,-6,1,-6,1,7
46,Yellow,0,-6,0,-6,0,6
47,Blue,-1,-6,0,-5,1,6
48,Red,0,-5,1,-5,1,6
49,Yellow,0,-5,0,-5,0,5
50,Green,0,-6,0,-6,0,6
51,Green,0,-7,0,-7,0,7
52,Yellow,0,-7,-1,-7,-1,6
53,Yellow,0,-7,-2,-7,-2,5
54,Blue,-1,-7,-2,-6,-1,5
55,Blue,-2,-7,-2,-5,0,5
56,Blue,-3,-7,-2,-4,1,5
57,Yellow,-3,-7,-3,-4,0,4
58,Blue,-4,-7,-3,-3,1,4
59,Blue,-5,-7,-3,-2,2,4
60,Red,-4,-6,-2,-2,2,4
61,Green,-4,-7,-2,-3,2,5
62,Blue,-5,-7,-2,-2,3,5
63,Yellow,-5,-7,-3,-2,2,4
64,Blue,-6,-7,-3,-1,3,4
65,Blue,-7,-7,-3,0,4,4
66,Blue,-8,-7,-3,1,5,4
67,Blue,-9,-7,-3,2,6,4
68,Red,-8,-6,-2,2,6,4
69,Yellow,-8,-6,-3,2,5,3
70,Red,-7,-5,-2,2,5,3
71,Yellow,-7,-5,-3,2,4,2
72,Yellow,-7,-5,-4,2,3,1
73,Blue,-8,-5,-4,3,4,1
74,Green,-8,-6,-4,2,4,2
75,Blue,-9,-6,-4,3,5,2
76,Blue,-10,-6,-4,4,6,2
77,Green,-10,-7,-4,3,6,3
78,Red,-9,-6,-3,3,6,3
79,Yellow,-9,-6,-4,3,5,2
80,Blue,-10,-6,-4,4,6,2
81,Blue,-11,-6,-4,5,7,2
82,Yellow,-11,-6,-5,5,6,1
83,Blue,-12,-6,-5,6,7,1
84,Yellow,-12,-6,-6,6,6,0
85,Red,-11,-5,-5,6,6,0
86,Blue,-12,-5,-5,7,7,0
87,Red,-11,-4,-4,7,7,0
88,Blue,-12,-4,-4,8,8,0
89,Red,-11,-3,-3,8,8,0
90,Blue,-12,-3,-3,9,9,0
91,Yellow,-12,-3,-4,9,8,-1
92,Blue,-13,-3,-4,10,9,-1
93,Yellow,-13,-3,-5,10,8,-2
94,Blue,-14,-3,-5,11,9,-2
95,Green,-14,-4,-5,10,9,-1
96,Blue,-15,-4,-5,11,10,-1
97,Blue,-16,-4,-5,12,11,-1
98,Blue,-17,-4,-5,13,12,-1
99,Red,-16,-3,-4,13,12,-1
100,Red,-15,-2,-3,13,12,-1
101,Red,-14,-1,-2,13,12,-1
102,Blue,-15,-1,-2,14,13,-1
103,Red,-14,0,-1,14,13,-1
104,Yellow,-14,0,-2,14,12,-2
105,Red,-13,1,-1,14,12,-2
106,Yellow,-13,1,-2,14,11,-3
107,Yellow,-13,1,-3,14,10,-4
108,Yellow,-13,1,-4,14,9,-5
109,Blue,-14,1,-4,15,10,-5
110,Yellow,-14,1,-5,15,9,-6
111,Yellow,-14,1,-6,15,8,-7
112,Red,-13,2,-5,15,8,-7
113,Blue,-14,2,-5,16,9,-7
114,Blue,-15,2,-5,17,10,-7
115,Blue,-16,2,-5,18,11,-7
116,Blue,-17,2,-5,19,12,-7
117,Red,-16,3,-4,19,12,-7
118,Green,-16,2,-4,18,12,-6
119,Green,-16,1,-4,17,12,-5
120,Blue,-17,1,-4,18,13,-5
121,Yellow,-17,1,-5,18,12,-6
122,Blue,-18,1,-5,19,13,-6
123,Blue,-19,1,-5,20,14,-6
124,Red,-18,2,-4,20,14,-6
125,Blue,-19,2,-4,21,15,-6
126,Green,-19,1,-4,20,15,-5
127,Yellow,-19,1,-5,20,14,-6
128,Red,-18,2,-4,20,14,-6
129,Blue,-19,2,-4,21,15,-6
130,Blue,-20,2,-4,22,16,-6
131,Blue,-21,2,-4,23,17,-6
132,Yellow,-21,2,-5,23,16,-7
133,Red,-20,3,-4,23,16,-7
134,Green,-20,2,-4,22,16,-6
135,Blue,-21,2,-4,23,17,-6
136,Yellow,-21,2,-5,23,16,-7
137,Blue,-22,2,-5,24,17,-7
138,Red,-21,3,-4,24,17,-7
139,Green,-21,2,-4,23,17,-6
140,Blue,-22,2,-4,24,18,-6
141,Green,-22,1,-4,23,18,-5
142,Green,-22,0,-4,22,18,-4
143,Yellow,-22,0,-5,22,17,-5
144,Blue,-23,0,-5,23,18,-5
145,Yellow,-23,0,-6,23,17,-6
146,Green,-23,-1,-6,22,17,-5
147,Yellow,-23,-1,-7,22,16,-6
148,Green,-23,-2,-7,21,16,-5
149,Red,-22,-1,-6,21,16,-5
150,Blue,-23,-1,-6,22,17,-5
151,Red,-22,0,-5,22,17,-5
152,Red,-21,1,-4,22,17,-5
153,Yellow,-21,1,-5,22,16,-6
154,Red,-20,2,-4,22,16,-6
155,Red,-19,3,-3,22,16,-6
156,Green,-19,2,-3,21,16,-5
157,Green,-19,1,-3,20,16,-4
158,Blue,-20,1,-3,21,17,-4
159,Green,-20,0,-3,20,17,-3
160,Blue,-21,0,-3,21,18,-3
161,Green,-21,-1,-3,20,18,-2
162,Blue,-22,-1,-3,21,19,-2
163,Yellow,-22,-1,-4,21,18,-3
164,Green,-22,-2,-4,20,18,-2
165,Yellow,-22,-2,-5,20,17,-3
166,Red,-21,-1,-4,20,17,-3
167,Blue,-22,-1,-4,21,18,-3
168,Green,-22,-2,-4,20,18,-2
169,Yellow,-22,-2,-5,20,17,-3
170,Green,-22,-3,-5,19,17,-2
171,Yellow,-22,-3,-6,19,16,-3
172,Red,-21,-2,-5,19,16,-3
173,Yellow,-21,-2,-6,19,15,-4
174,Yellow,-21,-2,-7,19,14,-5
175,Green,-21,-3,-7,18,14,-4
176,Red,-20,-2,-6,18,14,-4
177,Red,-19,-1,-5,18,14,-4
178,Blue,-20,-1,-5,19,15,-4
179,Yellow,-20,-1,-6,19,14,-5
180,Yellow,-20,-1,-7,19,13,-6
181,Red,-19,0,-6,19,13,-6
182,Yellow,-19,0,-7,19,12,-7
183,Blue,-20,0,-7,20,13,-7
184,Blue,-21,0,-7,21,14,-7
185,Blue,-22,0,-7,22,15,-7
186,Red,-21,1,-6,22,15,-7
187,Blue,-22,1,-6,23,16,-7
188,Red,-21,2,-5,23,16,-7
189,Blue,-22,2,-5,24,17,-7
190,Red,-21,3,-4,24,17,-7
191,Blue,-22,3,-4,25,18,-7
192,Green,-22,2,-4,24,18,-6
193,Red,-21,3,-3,24,18,-6
194,Yellow,-21,3,-4,24,17,-7
195,Yellow,-21,3,-5,24,16,-8
196,Yellow,-21,3,-6,24,15,-9
197,Green,-21,2,-6,23,15,-8
198,Yellow,-21,2,-7,23,14,-9
199,Blue,-22,2,-7,24,15,-9
200,Yellow,-22,2,-8,24,14,-10
201,Yellow,-22,2,-9,24,13,-11
202,Red,-21,3,-8,24,13,-11
203,Green,-21,2,-8,23,13,-10
204,Blue,-22,2,-8,24,14,-10
205,Blue,-23,2,-8,25,15,-10
206,Yellow,-23,2,-9,25,14,-11
207,Yellow,-23,2,-10,25,13,-12
208,Blue,-24,2,-10,26,14,-12
209,Red,-23,3,-9,26,14,-12
210,Blue,-24,3,-9,27,15,-12
211,Green,-24,2,-9,26,15,-11
212,Blue,-25,2,-9,27,16,-11
213,Green,-25,1,-9,26,16,-10
214,Blue,-26,1,-9,27,17,-10
215,Green,-26,0,-9,26,17,-9
216,Blue,-27,0,-9,27,18,-9
217,Yellow,-27,0,-10,27,17,-10
218,Yellow,-27,0,-11,27,16,-11
219,Yellow,-27,0,-12,27,15,-12
220,Yellow,-27,0,-13,27,14,-13
221,Yellow,-27,0,-14,27,13,-14
222,Blue,-28,0,-14,28,14,-14
223,Green,-28,-1,-14,27,14,-13
224,Blue,-29,-1,-14,28,15,-13
225,Blue,-30,-1,-14,29,16,-13
226,Green,-30,-2,-14,28,16,-12
227,Green,-30,-3,-14,27,16,-11
228,Green,-30,-4,-14,26,16,-10
229,Green,-30,-5,-14,25,16,-9
230,Blue,-31,-5,-14,26,17,-9
231,Yellow,-31,-5,-15,26,16,-10
232,Yellow,-31,-5,-16,26,15,-11
233,Green,-31,-6,-16,25,15,-10
234,Blue,-32,-6,-16,26,16,-10
235,Blue,-33,-6,-16,27,17,-10
236,Yellow,-33,-6,-17,27,16,-11
237,Yellow,-33,-6,-18,27,15,-12
238,Red,-32,-5,-17,27,15,-12
239,Yellow,-32,-5,-18,27,14,-13
240,Red,-31,-4,-17,27,14,-13
241,Yellow,-31,-4,-18,27,13,-14
242,Blue,-32,-4,-18,28,14,-14
243,Green,-32,-5,-18,27,14,-13
244,Red,-31,-4,-17,27,14,-13
245,Yellow,-31,-4,-18,27,13,-14
246,Green,-31,-5,-18,26,13,-13
247,Red,-30,-4,-17,26,13,-13
248,Blue,-31,-4,-17,27,14,-13
249,Blue,-32,-4,-17,28,15,-13
250,Green,-32,-5,-17,27,15,-12
251,Yellow,-32,-5,-18,27,14,-13
252,Red,-31,-4,-17,27,14,-13
253,Green,-31,-5,-17,26,14,-12
254,Blue,-32,-5,-17,27,15,-12
255,Green,-32,-6,-17,26,15,-11
256,Red,-31,-5,-16,26,15,-11
257,Green,-31,-6,-16,25,15,-10
258,Green,-31,-7,-16,24,15,-9
259,Red,-30,-6,-15,24,15,-9
260,Blue,-31,-6,-15,25,16,-9
261,Red,-30,-5,-14,25,16,-9
262,Green,-30,-6,-14,24,16,-8
263,Yellow,-30,-6,-15,24,15,-9
264,Green,-30,-7,-15,23,15,-8
265,Red,-29,-6,-14,23,15,-8
266,Red,-28,-5,-13,23,15,-8
267,Yellow,-28,-5,-14,23,14,-9
268,Yellow,-28,-5,-15,23,13,-10
269,Green,-28,-6,-15,22,13,-9
270,Red,-27,-5,-14,22,13,-9
271,Yellow,-27,-5,-15,22,12,-10
272,Green,-27,-6,-15,21,12,-9
273,Blue,-28,-6,-15,22,13,-9
274,Yellow,-28,-6,-16,22,12,-10
275,Yellow,-28,-6,-17,22,11,-11
276,Yellow,-28,-6,-18,22,10,-12
277,Red,-27,-5,-17,22,10,-12
278,Green,-27,-6,-17,21,10,-11
279,Green,-27,-7,-17,20,10,-10
280,Blue,-28,-7,-17,21,11,-10
281,Blue,-29,-7,-17,22,12,-10
282,Blue,-30,-7,-17,23,13,-10
283,Red,-29,-6,-16,23,13,-10
284,Red,-28,-5,-15,23,13,-10
285,Red,-27,-4,-14,23,13,-10
286,Red,-26,-3,-13,23,13,-10
287,Green,-26,-4,-13,22,13,-9
288,Blue,-27,-4,-13,23,14,-9
289,Green,-27,-5,-13,22,14,-8
290,Yellow,-27,-5,-14,22,13,-9
291,Blue,-28,-5,-14,23,14,-9
292,Red,-27,-4,-13,23,14,-9
293,Yellow,-27,-4,-14,23,13,-10
294,Green,-27,-5,-14,22,13,-9
295,Blue,-28,-5,-14,23,14,-9
296,Green,-28,-6,-14,22,14,-8
297,Red,-27,-5,-13,22,14,-8
298,Green,-27,-6,-13,21,14,-7
299,Blue,-28,-6,-13,22,15,-7
300,Green,-28,-7,-13,21,15,-6
301,Blue,-29,-7,-13,22,16,-6
302,Blue,-30,-7,-13,23,17,-6
303,Yellow,-30,-7,-14,23,16,-7
304,Green,-30,-8,-14,22,16,-6
305,Red,-29,-7,-13,22,16,-6
306,Green,-29,-8,-13,21,16,-5
307,Red,-28,-7,-12,21,16,-5
308,Blue,-29,-7,-12,22,17,-5
309,Blue,-30,-7,-12,23,18,-5
310,Blue,-31,-7,-12,24,19,-5
311,Green,-31,-8,-12,23,19,-4
312,Blue,-32,-8,-12,24,20,-4
313,Blue,-33,-8,-12,25,21,-4
314,Green,-33,-9,-12,24,21,-3
315,Blue,-34,-9,-12,25,22,-3
316,Red,-33,-8,-11,25,22,-3
317,Blue,-34,-8,-11,26,23,-3
318,Yellow,-34,-8,-12,26,22,-4
319,Blue,-35,-8,-12,27,23,-4
320,Red,-34,-7,-11,27,23,-4
321,Green,-34,-8,-11,26,23,-3
322,Green,-34,-9,-11,25,23,-2
323,Blue,-35,-9,-11,26,24,-2
324,Yellow,-35,-9,-12,26,23,-3
325,Blue,-36,-9,-12,27,24,-3
326,Blue,-37,-9,-12,28,25,-3
327,Green,-37,-10,-12,27,25,-2
328,Yellow,-37,-10,-13,27,24,-3
329,Yellow,-37,-10,-14,27,23,-4
330,Yellow,-37,-10,-15,27,22,-5
331,Blue,-38,-10,-15,28,23,-5
332,Green,-38,-11,-15,27,23,-4
333,Yellow,-38,-11,-16,27,22,-5
334,Red,-37,-10,-15,27,22,-5
335,Yellow,-37,-10,-16,27,21,-6
336,Red,-36,-9,-15,27,21,-6
337,Yellow,-36,-9,-16,27,20,-7
338,Green,-36,-10,-16,26,20,-6
339,Green,-36,-11,-16,25,20,-5
340,Yellow,-36,-11,-17,25,19,-6
341,Blue,-37,-11,-17,26,20,-6
342,Green,-37,-12,-17,25,20,-5
343,Yellow,-37,-12,-18,25,19,-6
344,Blue,-38,-12,-18,26,20,-6
345,Yellow,-38,-12,-19,26,19,-7
346,Blue,-39,-12,-19,27,20,-7
347,Red,-38,-11,-18,27,20,-7
348,Blue,-39,-11,-18,28,21,-7
349,Blue,-40,-11,-18,29,22,-7
350,Yellow,-40,-11,-19,29,21,-8
351,Red,-39,-10,-18,29,21,-8
352,Green,-39,-11,-18,28,21,-7
353,Red,-38,-10,-17,28,21,-7
354,Green,-38,-11,-17,27,21,-6
355,Yellow,-38,-11,-18,27,20,-7
356,Blue,-39,-11,-18,28,21,-7
357,Yellow,-39,-11,-19,28,20,-8
358,Red,-38,-10,-18,28,20,-8
359,Blue,-39,-10,-18,29,21,-8
360,Yellow,-39,-10,-19,29,20,-9
361,Blue,-40,-10,-19,30,21,-9
362,Yellow,-40,-10,-20,30,20,-10
363,Blue,-41,-10,-20,31,21,-10
364,Red,-40,-9,-19,31,21,-10
365,Blue,-41,-9,-19,32,22,-10
366,Green,-41,-10,-19,31,22,-9
367,Yellow,-41,-10,-20,31,21,-10
368,Yellow,-41,-10,-21,31,20,-11
369,Blue,-42,-10,-21,32,21,-11
370,Yellow,-42,-10,-22,32,20,-12
371,Green,-42,-11,-22,31,20,-11
372,Red,-41,-10,-21,31,20,-11
373,Blue,-42,-10,-21,32,21,-11
374,Red,-41,-9,-20,32,21,-11
375,Blue,-42,-9,-20,33,22,-11
376,Green,-42,-10,-20,32,22,-10
377,Blue,-43,-10,-20,33,23,-10
378,Green,-43,-11,-20,32,23,-9
379,Yellow,-43,-11,-21,32,22,-10
380,Red,-42,-10,-20,32,22,-10
381,Blue,-43,-10,-20,33,23,-10
382,Yellow,-43,-10,-21,33,22,-11
383,Red,-42,-9,-20,33,22,-11
384,Yellow,-42,-9,-21,33,21,-12
385,Red,-41,-8,-20,33,21,-12
386,Yellow,-41,-8,-21,33,20,-13
387,Red,-40,-7,-20,33,20,-13
388,Yellow,-40,-7,-21,33,19,-14
389,Green,-40,-8,-21,32,19,-13
390,Green,-40,-9,-21,31,19,-12
391,Red,-39,-8,-20,31,19,-12
392,Red,-38,-7,-19,31,19,-12
393,Blue,-39,-7,-19,32,20,-12
394,Green,-39,-8,-19,31,20,-11
395,Red,-38,-7,-18,31,20,-11
396,Yellow,-38,-7,-19,31,19,-12
397,Blue,-39,-7,-19,32,20,-12
398,Blue,-40,-7,-19,33,21,-12
399,Yellow,-40,-7,-20,33,20,-13
400,Red,-39,-6,-19,33,20,-13
401,Red,-38,-5,-18,33,20,-13
402,Yellow,-38,-5,-19,33,19,-14
403,Blue,-39,-5,-19,34,20,-14
404,Blue,-40,-5,-19,35,21,-14
405,Blue,-41,-5,-19,36,22,-14
406,Blue,-42,-5,-19,37,23,-14
407,Red,-41,-4,-18,37,23,-14
408,Yellow,-41,-4,-19,37,22,-15
409,Red,-40,-3,-18,37,22,-15
410,Green,-40,-4,-18,36,22,-14
411,Blue,-41,-4,-18,37,23,-14
412,Red,-40,-3,-17,37,23,-14
413,Blue,-41,-3,-17,38,24,-14
414,Red,-40,-2,-16,38,24,-14
415,Green,-40,-3,-16,37,24,-13
416,Green,-40,-4,-16,36,24,-12
417,Green,-40,-5,-16,35,24,-11
418,Red,-39,-4,-15,35,24,-11
419,Green,-39,-5,-15,34,24,-10
420,Green,-39,-6,-15,33,24,-9
421,Blue,-40,-6,-15,34,25,-9
422,Yellow,-40,-6,-16,34,24,-10
423,Blue,-41,-6,-16,35,25,-10
424,Blue,-42,-6,-16,36,26,-10
425,Green,-42,-7,-16,35,26,-9
426,Yellow,-42,-7,-17,35,25,-10
427,Blue,-43,-7,-17,36,26,-10
428,Green,-43,-8,-17,35,26,-9
429,Red,-42,-7,-16,35,26,-9
430,Blue,-43,-7,-16,36,27,-9
431,Yellow,-43,-7,-17,36,26,-10
432,Yellow,-43,-7,-18,36,25,-11
433,Blue,-44,-7,-18,37,26,-11
434,Red,-43,-6,-17,37,26,-11
435,Yellow,-43,-6,-18,37,25,-12
436,Blue,-44,-6,-18,38,26,-12
437,Green,-44,-7,-18,37,26,-11
438,Blue,-45,-7,-18,38,27,-11
439,Blue,-46,-7,-18,39,28,-11
440,Red,-45,-6,-17,39,28,-11
441,Blue,-46,-6,-17,40,29,-11
442,Green,-46,-7,-17,39,29,-10
443,Blue,-47,-7,-17,40,30,-10
444,Yellow,-47,-7,-18,40,29,-11
445,Yellow,-47,-7,-19,40,28,-12
446,Green,-47,-8,-19,39,28,-11
447,Yellow,-47,-8,-20,39,27,-12
448,Yellow,-47,-8,-21,39,26,-13
449,Yellow,-47,-8,-22,39,25,-14
450,Blue,-48,-8,-22,40,26,-14
451,Yellow,-48,-8,-23,40,25,-15
452,Red,-47,-7,-22,40,25,-15
453,Red,-46,-6,-21,40,25,-15
454,Green,-46,-7,-21,39,25,-14
455,Red,-45,-6,-20,39,25,-14
456,Green,-45,-7,-20,38,25,-13
457,Blue,-46,-7,-20,39,26,-13
458,Yellow,-46,-7,-21,39,25,-14
459,Blue,-47,-7,-21,40,26,-14
460,Yellow,-47,-7,-22,40,25,-15
461,Red,-46,-6,-21,40,25,-15
462,Blue,-47,-6,-21,41,26,-15
463,Blue,-48,-6,-21,42,27,-15
464,Yellow,-48,-6,-22,42,26,-16
465,Yellow,-48,-6,-23,42,25,-17
466,Blue,-49,-6,-23,43,26,-17
467,Blue,-50,-6,-23,44,27,-17
468,Blue,-51,-6,-23,45,28,-17
469,Green,-51,-7,-23,44,28,-16
470,Blue,-52,-7,-23,45,29,-16
471,Yellow,-52,-7,-24,45,28,-17
472,Blue,-53,-7,-24,46,29,-17
473,Red,-52,-6,-23,46,29,-17
474,Yellow,-52,-6,-24,46,28,-18
475,Red,-51,-5,-23,46,28,-18
476,Blue,-52,-5,-23,47,29,-18
477,Green,-52,-6,-23,46,29,-17
478,Green,-52,-7,-23,45,29,-16
479,Red,-51,-6,-22,45,29,-16
480,Blue,-52,-6,-22,46,30,-16
481,Blue,-53,-6,-22,47,31,-16
482,Yellow,-53,-6,-23,47,30,-17
483,Red,-52,-5,-22,47,30,-17
484,Blue,-53,-5,-22,48,31,-17
485,Red,-52,-4,-21,48,31,-17
486,Yellow,-52,-4,-22,48,30,-18
487,Yellow,-52,-4,-23,48,29,-19
488,Yellow,-52,-4,-24,48,28,-20
489,Yellow,-52,-4,-25,48,27,-21
490,Blue,-53,-4,-25,49,28,-21
491,Yellow,-53,-4,-26,49,27,-22
492,Green,-53,-5,-26,48,27,-21
493,Yellow,-53,-5,-27,48,26,-22
494,Blue,-54,-5,-27,49,27,-22
495,Red,-53,-4,-26,49,27,-22
496,Blue,-54,-4,-26,50,28,-22
497,Red,-53,-3,-25,50,28,-22
498,Red,-52,-2,-24,50,28,-22
499,Red,-51,-1,-23,50,28,-22
500,Yellow,-51,-1,-24,50,27,-23
501,Yellow,-51,-1,-25,50,26,-24
502,Blue,-52,-1,-25,51,27,-24
503,Yellow,-52,-1,-26,51,26,-25
504,Yellow,-52,-1,-27,51,25,-26
505,Blue,-53,-1,-27,52,26,-26
506,Blue,-54,-1,-27,53,27,-26
507,Yellow,-54,-1,-28,53,26,-27
508,Yellow,-54,-1,-29,53,25,-28
509,Yellow,-54,-1,-30,53,24,-29
510,Red,-53,0,-29,53,24,-29
511,Blue,-54,0,-29,54,25,-29
512,Blue,-55,0,-29,55,26,-29
513,Red,-54,1,-28,55,26,-29
514,Red,-53,2,-27,55,26,-29
515,Red,-52,3,-26,55,26,-29
516,Red,-51,4,-25,55,26,-29
517,Blue,-52,4,-25,56,27,-29
518,Green,-52,3,-25,55,27,-28
519,Green,-52,2,-25,54,27,-27
520,Yellow,-52,2,-26,54,26,-28
521,Red,-51,3,-25,54,26,-28
522,Green,-51,2,-25,53,26,-27
523,Yellow,-51,2,-26,53,25,-28
524,Red,-50,3,-25,53,25,-28
525,Yellow,-50,3,-26,53,24,-29
526,Green,-50,2,-26,52,24,-28
527,Red,-49,3,-25,52,24,-28
528,Red,-48,4,-24,52,24,-28
529,Yellow,-48,4,-25,52,23,-29
530,Yellow,-48,4,-26,52,22,-30
531,Blue,-49,4,-26,53,23,-30
532,Blue,-50,4,-26,54,24,-30
533,Red,-49,5,-25,54,24,-30
534,Blue,-50,5,-25,55,25,-30
535,Yellow,-50,5,-26,55,24,-31
536,Red,-49,6,-25,55,24,-31
537,Blue,-50,6,-25,56,25,-31
538,Green,-50,5,-25,55,25,-30
539,Red,-49,6,-24,55,25,-30
540,Blue,-50,6,-24,56,26,-30
541,Yellow,-50,6,-25,56,25,-31
542,Yellow,-50,6,-26,56,24,-32
543,Blue,-51,6,-26,57,25,-32
544,Yellow,-51,6,-27,57,24,-33
545,Blue,-52,6,-27,58,25,-33
546,Red,-51,7,-26,58,25,-33
547,Green,-51,6,-26,57,25,-32
548,Yellow,-51,6,-27,57,24,-33
549,Green,-51,5,-27,56,24,-32
550,Red,-50,6,-26,56,24,-32
551,Red,-49,7,-25,56,24,-32
552,Blue,-50,7,-25,57,25,-32
553,Yellow,-50,7,-26,57,24,-33
554,Blue,-51,7,-26,58,25,-33
555,Yellow,-51,7,-27,58,24,-34
556,Green,-51,6,-27,57,24,-33
557,Yellow,-51,6,-28,57,23,-34
558,Red,-50,7,-27,57,23,-34
559,Yellow,-50,7,-28,57,22,-35
560,Blue,-51,7,-28,58,23,-35
561,Yellow,-51,7,-29,58,22,-36
562,Green,-51,6,-29,57,22,-35
563,Yellow,-51,6,-30,57,21,-36
564,Red,-50,7,-29,57,21,-36
565,Blue,-51,7,-29,58,22,-36
566,Yellow,-51,7,-30,58,21,-37
567,Blue,-52,7,-30,59,22,-37
568,Green,-52,6,-30,58,22,-36
569,Green,-52,5,-30,57,22,-35
570,Green,-52,4,-30,56,22,-34
571,Red,-51,5,-29,56,22,-34
572,Red,-50,6,-28,56,22,-34
573,Yellow,-50,6,-29,56,21,-35
574,Green,-50,5,-29,55,21,-34
575,Blue,-51,5,-29,56,22,-34
576,Red,-50,6,-28,56,22,-34
577,Yellow,-50,6,-29,56,21,-35
578,Red,-49,7,-28,56,21,-35
579,Red,-48,8,-27,56,21,-35
580,Blue,-49,8,-27,57,22,-35
581,Green,-49,7,-27,56,22,-34
582,Green,-49,6,-27,55,22,-33
583,Blue,-50,6,-27,56,23,-33
584,Blue,-51,6,-27,57,24,-33
585,Green,-51,5,-27,56,24,-32
586,Yellow,-51,5,-28,56,23,-33
587,Yellow,-51,5,-29,56,22,-34
588,Green,-51,4,-29,55,22,-33
589,Red,-50,5,-28,55,22,-33
590,Red,-49,6,-27,55,22,-33
591,Yellow,-49,6,-28,55,21,-34
592,Yellow,-49,6,-29,55,20,-35
593,Yellow,-49,6,-30,55,19,-36
594,Green,-49,5,-30,54,19,-35
595,Blue,-50,5,-30,55,20,-35
596,Red,-49,6,-29,55,20,-35
597,Green,-49,5,-29,54,20,-34
598,Green,-49,4,-29,53,20,-33
599,Blue,-50,4,-29,54,21,-33
600,Yellow,-50,4,-30,54,20,-34
601,Red,-49,5,-29,54,20,-34
602,Red,-48,6,-28,54,20,-34
603,Green,-48,5,-28,53,20,-33
604,Green,-48,4,-28,52,20,-32
605,Red,-47,5,-27,52,20,-32
606,Blue,-48,5,-27,53,21,-32
607,Blue,-49,5,-27,54,22,-32
608,Yellow,-49,5,-28,54,21,-33
609,Yellow,-49,5,-29,54,20,-34
610,Yellow,-49,5,-30,54,19,-35
611,Blue,-50,5,-30,55,20,-35
612,Blue,-51,5,-30,56,21,-35
613,Red,-50,6,-29,56,21,-35
614,Yellow,-50,6,-30,56,20,-36
615,Red,-49,7,-29,56,20,-36
616,Yellow,-49,7,-30,56,19,-37
617,Green,-49,6,-30,55,19,-36
618,Yellow,-49,6,-31,55,18,-37
619,Yellow,-49,6,-32,55,17,-38
620,Yellow,-49,6,-33,55,16,-39
621,Green,-49,5,-33,54,16,-38
622,Green,-49,4,-33,53,16,-37
623,Blue,-50,4,-33,54,17,-37
624,Green,-50,3,-33,53,17,-36
625,Blue,-51,3,-33,54,18,-36
626,Green,-51,2,-33,53,18,-35
627,Yellow,-51,2,-34,53,17,-36
628,Green,-51,1,-34,52,17,-35
629,Blue,-52,1,-34,53,18,-35
630,Blue,-53,1,-34,54,19,-35
631,Blue,-54,1,-34,55,20,-35
632,Red,-53,2,-33,55,20,-35
633,Yellow,-53,2,-34,55,19,-36
634,Green,-53,1,-34,54,19,-35
635,Yellow,-53,1,-35,54,18,-36
636,Red,-52,2,-34,54,18,-36
637,Yellow,-52,2,-35,54,17,-37
638,Yellow,-52,2,-36,54,16,-38
639,Blue,-53,2,-36,55,17,-38
640,Blue,-54,2,-36,56,18,-38
641,Green,-54,1,-36,55,18,-37
642,Red,-53,2,-35,55,18,-37
643,Red,-52,3,-34,55,18,-37
644,Blue,-53,3,-34,56,19,-37
645,Yellow,-53,3,-35,56,18,-38
646,Blue,-54,3,-35,57,19,-38
647,Yellow,-54,3,-36,57,18,-39
648,Red,-53,4,-35,57,18,-39
649,Green,-53,3,-35,56,18,-38
650,Green,-53,2,-35,55,18,-37
651,Yellow,-53,2,-36,55,17,-38
652,Blue,-54,2,-36,56,18,-38
653,Blue,-55,2,-36,57,19,-38
654,Red,-54,3,-35,57,19,-38
655,Yellow,-54,3,-36,57,18,-39
656,Red,-53,4,-35,57,18,-39
657,Green,-53,3,-35,56,18,-38
658,Green,-53,2,-35,55,18,-37
659,Red,-52,3,-34,55,18,-37
660,Yellow,-52,3,-35,55,17,-38
661,Yellow,-52,3,-36,55,16,-39
662,Blue,-53,3,-36,56,17,-39
663,Blue,-54,3,-36,57,18,-39
664,Green,-54,2,-36,56,18,-38
665,Yellow,-54,2,-37,56,17,-39
666,Blue,-55,2,-37,57,18,-39
667,Blue,-56,2,-37,58,19,-39
668,Blue,-57,2,-37,59,20,-39
669,Green,-57,1,-37,58,20,-38
670,Yellow,-57,1,-38,58,19,-39
671,Green,-57,0,-38,57,19,-38
672,Green,-57,-1,-38,56,19,-37
673,Blue,-58,-1,-38,57,20,-37
674,Blue,-59,-1,-38,58,21,-37
675,Green,-59,-2,-38,57,21,-36
676,Blue,-60,-2,-38,58,22,-36
677,Green,-60,-3,-38,57,22,-35
678,Red,-59,-2,-37,57,22,-35
679,Red,-58,-1,-36,57,22,-35
680,Red,-57,0,-35,57,22,-35
681,Green,-57,-1,-35,56,22,-34
682,Green,-57,-2,-35,55,22,-33
683,Blue,-58,-2,-35,56,23,-33
684,Green,-58,-3,-35,55,23,-32
685,Blue,-59,-3,-35,56,24,-32
686,Green,-59,-4,-35,55,24,-31
687,Blue,-60,-4,-35,56,25,-31
688,Blue,-61,-4,-35,57,26,-31
689,Red,-60,-3,-34,57,26,-31
690,Red,-59,-2,-33,57,26,-31
691,Red,-58,-1,-32,57,26,-31
692,Yellow,-58,-1,-33,57,25,-32
693,Green,-58,-2,-33,56,25,-31
694,Yellow,-58,-2,-34,56,24,-32
695,Yellow,-58,-2,-35,56,23,-33
696,Blue,-59,-2,-35,57,24,-33
697,Blue,-60,-2,-35,58,25,-33
698,Yellow,-60,-2,-36,58,24,-34
699,Green,-60,-3,-36,57,24,-33
700,Red,-59,-2,-35,57,24,-33
701,Yellow,-59,-2,-36,57,23,-34
702,Green,-59,-3,-36,56,23,-33
703,Red,-58,-2,-35,56,23,-33
704,Yellow,-58,-2,-36,56,22,-34
705,Red,-57,-1,-35,56,22,-34
706,Yellow,-57,-1,-36,56,21,-35
707,Green,-57,-2,-36,55,21,-34
708,Green,-57,-3,-36,54,21,-33
709,Blue,-58,-3,-36,55,22,-33
710,Green,-58,-4,-36,54,22,-32
711,Blue,-59,-4,-36,55,23,-32
712,Yellow,-59,-4,-37,55,22,-33
713,Green,-59,-5,-37,54,22,-32
714,Blue,-60,-5,-37,55,23,-32
715,Yellow,-60,-5,-38,55,22,-33
716,Blue,-61,-5,-38,56,23,-33
717,Blue,-62,-5,-38,57,24,-33
718,Yellow,-62,-5,-39,57,23,-34
719,Yellow,-62,-5,-40,57,22,-35
720,Red,-61,-4,-39,57,22,-35
721,Yellow,-61,-4,-40,57,21,-36
722,Red,-60,-3,-39,57,21,-36
723,Green,-60,-4,-39,56,21,-35
724,Blue,-61,-4,-39,57,22,-35
725,Green,-61,-5,-39,56,22,-34
726,Green,-61,-6,-39,55,22,-33
727,Green,-61,-7,-39,54,22,-32
728,Red,-60,-6,-38,54,22,-32
729,Green,-60,-7,-38,53,22,-31
730,Blue,-61,-7,-38,54,23,-31
731,Red,-60,-6,-37,54,23,-31
732,Blue,-61,-6,-37,55,24,-31
733,Yellow,-61,-6,-38,55,23,-32
734,Red,-60,-5,-37,55,23,-32
735,Yellow,-60,-5,-38,55,22,-33
736,Blue,-61,-5,-38,56,23,-33
737,Yellow,-61,-5,-39,56,22,-34
738,Blue,-62,-5,-39,57,23,-34
739,Green,-62,-6,-39,56,23,-33
740,Green,-62,-7,-39,55,23,-32
741,Green,-62,-8,-39,54,23,-31
742,Green,-62,-9,-39,53,23,-30
743,Yellow,-62,-9,-40,53,22,-31
744,Blue,-63,-9,-40,54,23,-31
745,Green,-63,-10,-40,53,23,-30
746,Green,-63,-11,-40,52,23,-29
747,Green,-63,-12,-40,51,23,-28
748,Red,-62,-11,-39,51,23,-28
749,Red,-61,-10,-38,51,23,-28
750,Blue,-62,-10,-38,52,24,-28
751,Green,-62,-11,-38,51,24,-27
752,Blue,-63,-11,-38,52,25,-27
753,Green,-63,-12,-38,51,25,-26
754,Green,-63,-13,-38,50,25,-25
755,Blue,-64,-13,-38,51,26,-25
756,Red,-63,-12,-37,51,26,-25
757,Green,-63,-13,-37,50,26,-24
758,Green,-63,-14,-37,49,26,-23
759,Green,-63,-15,-37,48,26,-22
760,Red,-62,-14,-36,48,26,-22
761,Blue,-63,-14,-36,49,27,-22
762,Yellow,-63,-14,-37,49,26,-23
763,Red,-62,-13,-36,49,26,-23
764,Red,-61,-12,-35,49,26,-23
765,Red,-60,-11,-34,49,26,-23
766,Yellow,-60,-11,-35,49,25,-24
767,Green,-60,-12,-35,48,25,-23
768,Blue,-61,-12,-35,49,26,-23
769,Red,-60,-11,-34,49,26,-23
770,Green,-60,-12,-34,48,26,-22
771,Red,-59,-11,-33,48,26,-22
772,Blue,-60,-11,-33,49,27,-22
773,Blue,-61,-11,-33,50,28,-22
774,Green,-61,-12,-33,49,28,-21
775,Green,-61,-13,-33,48,28,-20
776,Red,-60,-12,-32,48,28,-20
777,Yellow,-60,-12,-33,48,27,-21
778,Red,-59,-11,-32,48,27,-21
779,Red,-58,-10,-31,48,27,-21
780,Red,-57,-9,-30,48,27,-21
781,Blue,-58,-9,-30,49,28,-21
782,Green,-58,-10,-30,48,28,-20
783,Green,-58,-11,-30,47,28,-19
784,Green,-58,-12,-30,46,28,-18
785,Red,-57,-11,-29,46,28,-18
786,Red,-56,-10,-28,46,28,-18
787,Green,-56,-11,-28,45,28,-17
788,Green,-56,-12,-28,44,28,-16
789,Blue,-57,-12,-28,45,29,-16
790,Blue,-58,-12,-28,46,30,-16
791,Yellow,-58,-12,-29,46,29,-17
792,Red,-57,-11,-28,46,29,-17
793,Green,-57,-12,-28,45,29,-16
794,Yellow,-57,-12,-29,45,28,-17
795,Green,-57,-13,-29,44,28,-16
796,Blue,-58,-13,-29,45,29,-16
797,Green,-58,-14,-29,44,29,-15
798,Red,-57,-13,-28,44,29,-15
799,Red,-56,-12,-27,44,29,-15
800,Blue,-57,-12,-27,45,30,-15
801,Red,-56,-11,-26,45,30,-15
802,Red,-55,-10,-25,45,30,-15
803,Red,-54,-9,-24,45,30,-15
804,Blue,-55,-9,-24,46,31,-15
805,Yellow,-55,-9,-25,46,30,-16
806,Blue,-56,-9,-25,47,31,-16
807,Blue,-57,-9,-25,48,32,-16
808,Green,-57,-10,-25,47,32,-15
809,Yellow,-57,-10,-26,47,31,-16
810,Yellow,-57,-10,-27,47,30,-17
811,Green,-57,-11,-27,46,30,-16
812,Blue,-58,-11,-27,47,31,-16
813,Green,-58,-12,-27,46,31,-15
814,Green,-58,-13,-27,45,31,-14
815,Yellow,-58,-13,-28,45,30,-15
816,Blue,-59,-13,-28,46,31,-15
817,Blue,-60,-13,-28,47,32,-15
818,Green,-60,-14,-28,46,32,-14
819,Green,-60,-15,-28,45,32,-13
820,Blue,-61,-15,-28,46,33,-13
821,Blue,-62,-15,-28,47,34,-13
822,Blue,-63,-15,-28,48,35,-13
823,Red,-62,-14,-27,48,35,-13
824,Green,-62,-15,-27,47,35,-12
825,Yellow,-62,-15,-28,47,34,-13
826,Green,-62,-16,-28,46,34,-12
827,Yellow,-62,-16,-29,46,33,-13
828,Green,-62,-17,-29,45,33,-12
829,Blue,-63,-17,-29,46,34,-12
830,Green,-63,-18,-29,45,34,-11
831,Blue,-64,-18,-29,46,35,-11
832,Red,-63,-17,-28,46,35,-11
833,Red,-62,-16,-27,46,35,-11
834,Red,-61,-15,-26,46,35,-11
835,Yellow,-61,-15,-27,46,34,-12
836,Yellow,-61,-15,-28,46,33,-13
837,Blue,-62,-15,-28,47,34,-13
838,Yellow,-62,-15,-29,47,33,-14
839,Red,-61,-14,-28,47,33,-14
840,Blue,-62,-14,-28,48,34,-14
841,Yellow,-62,-14,-29,48,33,-15
842,Green,-62,-15,-29,47,33,-14
843,Yellow,-62,-15,-30,47,32,-15
844,Yellow,-62,-15,-31,47,31,-16
845,Green,-62,-16,-31,46,31,-15
846,Green,-62,-17,-31,45,31,-14
847,Blue,-63,-17,-31,46,32,-14
848,Red,-62,-16,-30,46,32,-14
849,Green,-62,-17,-30,45,32,-13
850,Red,-61,-16,-29,45,32,-13
851,Yellow,-61,-16,-30,45,31,-14
852,Green,-61,-17,-30,44,31,-13
853,Green,-61,-18,-30,43,31,-12
854,Red,-60,-17,-29,43,31,-12
855,Green,-60,-18,-29,42,31,-11
856,Red,-59,-17,-28,42,31,-11
857,Yellow,-59,-17,-29,42,30,-12
858,Green,-59,-18,-29,41,30,-11
859,Red,-58,-17,-28,41,30,-11
860,Green,-58,-18,-28,40,30,-10
861,Yellow,-58,-18,-29,40,29,-11
862,Green,-58,-19,-29,39,29,-10
863,Red,-57,-18,-28,39,29,-10
864,Green,-57,-19,-28,38,29,-9
865,Blue,-58,-19,-28,39,30,-9
866,Green,-58,-20,-28,38,30,-8
867,Green,-58,-21,-28,37,30,-7
868,Blue,-59,-21,-28,38,31,-7
869,Green,-59,-22,-28,37,31,-6
870,Blue,-60,-22,-28,38,32,-6
871,Green,-60,-23,-28,37,32,-5
872,Blue,-61,-23,-28,38,33,-5
873,Blue,-62,-23,-28,39,34,-5
874,Blue,-63,-23,-28,40,35,-5
875,Blue,-64,-23,-28,41,36,-5
876,Red,-63,-22,-27,41,36,-5
877,Red,-62,-21,-26,41,36,-5
878,Red,-61,-20,-25,41,36,-5
879,Blue,-62,-20,-25,42,37,-5
880,Yellow,-62,-20,-26,42,36,-6
881,Green,-62,-21,-26,41,36,-5
882,Yellow,-62,-21,-27,41,35,-6
883,Red,-61,-20,-26,41,35,-6
884,Yellow,-61,-20,-27,41,34,-7
885,Yellow,-61,-20,-28,41,33,-8
886,Green,-61,-21,-28,40,33,-7
887,Yellow,-61,-21,-29,40,32,-8
888,Green,-61,-22,-29,39,32,-7
889,Yellow,-61,-22,-30,39,31,-8
890,Green,-61,-23,-30,38,31,-7
891,Blue,-62,-23,-30,39,32,-7
892,Green,-62,-24,-30,38,32,-6
893,Red,-61,-23,-29,38,32,-6
894,Blue,-62,-23,-29,39,33,-6
895,Green,-62,-24,-29,38,33,-5
896,Green,-62,-25,-29,37,33,-4
897,Blue,-63,-25,-29,38,34,-4
898,Green,-63,-26,-29,37,34,-3
899,Red,-62,-25,-28,37,34,-3
900,Blue,-63,-25,-28,38,35,-3
901,Yellow,-63,-25,-29,38,34,-4
902,Green,-63,-26,-29,37,34,-3
903,Red,-62,-25,-28,37,34,-3
904,Red,-61,-24,-27,37,34,-3
905,Red,-60,-23,-26,37,34,-3
906,Green,-60,-24,-26,36,34,-2
907,Blue,-61,-24,-26,37,35,-2
908,Yellow,-61,-24,-27,37,34,-3
909,Green,-61,-25,-27,36,34,-2
910,Blue,-62,-25,-27,37,35,-2
911,Red,-61,-24,-26,37,35,-2
912,Green,-61,-25,-26,36,35,-1
913,Yellow,-61,-25,-27,36,34,-2
914,Red,-60,-24,-26,36,34,-2
915,Green,-60,-25,-26,35,34,-1
916,Yellow,-60,-25,-27,35,33,-2
917,Red,-59,-24,-26,35,33,-2
918,Red,-58,-23,-25,35,33,-2
919,Yellow,-58,-23,-26,35,32,-3
920,Yellow,-58,-23,-27,35,31,-4
921,Green,-58,-24,-27,34,31,-3
922,Green,-58,-25,-27,33,31,-2
923,Green,-58,-26,-27,32,31,-1
924,Red,-57,-25,-26,32,31,-1
925,Yellow,-57,-25,-27,32,30,-2
926,Green,-57,-26,-27,31,30,-1
927,Green,-57,-27,-27,30,30,0
928,Red,-56,-26,-26,30,30,0
929,Yellow,-56,-26,-27,30,29,-1
930,Blue,-57,-26,-27,31,30,-1
931,Blue,-58,-26,-27,32,31,-1
932,Green,-58,-27,-27,31,31,0
933,Yellow,-58,-27,-28,31,30,-1
934,Yellow,-58,-27,-29,31,29,-2
935,Blue,-59,-27,-29,32,30,-2
936,Red,-58,-26,-28,32,30,-2
937,Yellow,-58,-26,-29,32,29,-3
938,Red,-57,-25,-28,32,29,-3
939,Blue,-58,-25,-28,33,30,-3
940,Red,-57,-24,-27,33,30,-3
941,Red,-56,-23,-26,33,30,-3
942,Red,-55,-22,-25,33,30,-3
943,Blue,-56,-22,-25,34,31,-3
944,Red,-55,-21,-24,34,31,-3
945,Green,-55,-22,-24,33,31,-2
946,Yellow,-55,-22,-25,33,30,-3
947,Yellow,-55,-22,-26,33,29,-4
948,Yellow,-55,-22,-27,33,28,-5
949,Green,-55,-23,-27,32,28,-4
950,Green,-55,-24,-27,31,28,-3
951,Green,-55,-25,-27,30,28,-2
952,Blue,-56,-25,-27,31,29,-2
953,Blue,-57,-25,-27,32,30,-2
954,Green,-57,-26,-27,31,30,-1
955,Yellow,-57,-26,-28,31,29,-2
956,Green,-57,-27,-28,30,29,-1
957,Yellow,-57,-27,-29,30,28,-2
958,Green,-57,-28,-29,29,28,-1
959,Green,-57,-29,-29,28,28,0
960,Green,-57,-30,-29,27,28,1
961,Yellow,-57,-30,-30,27,27,0
962,Yellow,-57,-30,-31,27,26,-1
963,Blue,-58,-30,-31,28,27,-1
964,Yellow,-58,-30,-32,28,26,-2
965,Red,-57,-29,-31,28,26,-2
966,Red,-56,-28,-30,28,26,-2
967,Red,-55,-27,-29,28,26,-2
968,Yellow,-55,-27,-30,28,25,-3
969,Yellow,-55,-27,-31,28,24,-4
970,Green,-55,-28,-31,27,24,-3
971,Red,-54,-27,-30,27,24,-3
972,Green,-54,-28,-30,26,24,-2
973,Blue,-55,-28,-30,27,25,-2
974,Yellow,-55,-28,-31,27,24,-3
975,Green,-55,-29,-31,26,24,-2
976,Red,-54,-28,-30,26,24,-2
977,Green,-54,-29,-30,25,24,-1
978,Red,-53,-28,-29,25,24,-1
979,Yellow,-53,-28,-30,25,23,-2
980,Green,-53,-29,-30,24,23,-1
981,Blue,-54,-29,-30,25,24,-1
982,Blue,-55,-29,-30,26,25,-1
983,Red,-54,-28,-29,26,25,-1
984,Green,-54,-29,-29,25,25,0
985,Green,-54,-30,-29,24,25,1
986,Green,-54,-31,-29,23,25,2
987,Blue,-55,-31,-29,24,26,2
988,Red,-54,-30,-28,24,26,2
989,Yellow,-54,-30,-29,24,25,1
990,Green,-54,-31,-29,23,25,2
991,Green,-54,-32,-29,22,25,3
992,Red,-53,-31,-28,22,25,3
993,Yellow,-53,-31,-29,22,24,2
994,Green,-53,-32,-29,21,24,3
995,Yellow,-53,-32,-30,21,23,2
996,Red,-52,-31,-29,21,23,2
997,Red,-51,-30,-28,21,23,2
998,Yellow,-51,-30,-29,21,22,1
999,Blue,-52,-30,-29,22,23,1
1000,Yellow,-52,-30,-30,22,22,0
